30 5 5 30 30 30 35 30 30 30 35 35 35 35 35 35 35 35 35 35 35 35 35 35 35 35 35 35 35 35 35 35 35 35 35 35 35 35 35 35 30 35 35 35 35 35 35 35 35 35 35 35 35 35 35 35 35 35 35 35 35 35 35 35 35 35 35 35 35 35 35 35 35 35 35 35 35 35 35 35 35 35 35 35 35 35 35 35 35 35 35 35 35 35 35 35 35 35 35 35 35 35 35 35 35 35 35 35 35 35 60 61 35 35 35 35 35 35 35 35 35 35 35 35 35 35 35 35 35 35 35 35 35 35 35 35 35 35 35 35 35 35 35 35 35 30 5 30 30 35 35 35 35 35 35 35 35 35 35 35 35 35 35 35 35 36 35 30 35 35 
30 5 5 35 30 30 35 35 35 35 35 35 35 35 35 35 35 35 35 35 35 35 35 35 35 35 5 5 35 35 35 35 35 35 35 35 35 35 35 35 35 35 35 35 35 35 35 35 35 35 35 35 35 35 35 35 35 35 35 35 35 35 35 35 35 35 35 35 35 35 35 35 35 35 35 35 35 35 35 35 35 35 35 35 35 35 35 35 35 35 35 35 35 35 35 35 35 35 35 35 35 35 35 35 35 35 35 61 35 35 60 66 35 35 35 35 35 35 35 35 35 35 35 35 35 35 35 35 35 35 35 35 35 35 35 35 35 35 35 35 35 35 35 35 30 30 30 30 35 35 35 35 35 35 35 35 35 35 35 35 35 35 35 35 35 35 35 35 35 35 
30 30 35 35 30 30 35 35 35 35 35 35 35 35 35 35 35 35 35 35 35 35 35 35 35 30 5 5 30 30 35 35 35 35 35 35 35 35 35 35 35 35 35 35 35 35 35 35 35 35 35 35 35 35 35 35 35 35 35 35 35 35 35 35 35 35 35 35 35 35 35 35 35 35 35 35 35 35 35 35 35 35 35 35 35 35 35 35 35 35 35 35 35 35 35 35 35 35 35 35 35 35 35 35 35 35 35 61 60 35 35 35 35 35 35 35 35 35 35 35 35 35 35 35 35 35 35 35 35 35 35 35 35 35 35 35 35 35 35 35 35 35 35 35 35 35 35 35 35 35 35 35 35 35 35 35 35 35 35 35 35 35 35 35 35 35 35 35 35 35 
30 30 30 35 35 35 35 35 30 35 35 35 35 35 35 35 35 35 35 35 35 35 35 35 35 35 5 5 5 5 35 35 35 35 35 35 35 35 35 30 35 35 35 35 35 35 35 35 35 35 35 35 35 35 35 35 35 35 35 35 35 35 35 35 35 35 35 35 35 35 35 35 35 35 35 35 35 35 35 35 35 35 30 35 35 35 35 35 35 35 35 35 35 35 35 35 35 35 35 35 35 35 35 35 35 35 35 61 60 35 35 35 35 35 35 35 35 35 35 35 35 35 35 35 35 35 35 35 35 35 35 35 35 35 35 35 35 35 35 35 35 35 35 35 35 35 35 35 35 35 35 35 35 35 35 35 35 35 35 35 35 35 35 35 35 35 35 35 35 35 
30 35 35 35 35 35 35 35 30 35 35 35 35 35 35 35 35 35 30 35 35 35 35 30 35 35 30 5 5 30 30 35 35 35 35 35 35 35 35 5 35 35 35 35 35 35 35 35 35 35 35 35 35 35 35 35 35 35 35 35 61 61 61 61 60 35 35 35 35 35 35 35 35 35 35 35 35 35 35 35 35 35 35 35 35 35 35 35 35 35 35 35 35 35 35 35 35 35 35 35 35 35 35 35 35 35 35 36 35 35 35 35 35 35 35 35 35 35 35 35 35 35 35 35 35 35 35 35 35 35 35 35 35 35 35 35 35 35 35 35 35 35 30 35 35 35 35 35 35 35 35 35 35 35 35 35 35 35 35 35 35 35 35 35 35 35 35 35 35 35 
30 35 35 35 35 35 35 35 35 35 35 35 35 35 35 35 35 35 5 30 30 35 35 5 35 35 35 35 5 5 30 30 35 35 35 35 35 35 35 30 35 35 35 35 35 35 35 35 35 35 35 35 35 35 35 35 35 35 35 61 86 86 86 86 86 61 35 35 35 35 35 35 35 35 35 35 35 35 35 35 35 35 35 35 35 35 35 35 35 35 35 35 35 35 35 35 35 35 35 35 35 35 35 35 35 35 35 61 60 35 35 35 35 35 35 35 35 35 35 35 35 35 35 35 35 35 35 35 35 35 35 35 35 35 35 35 35 35 35 35 35 30 35 35 35 35 35 35 35 35 35 35 35 35 35 35 35 35 35 35 35 35 35 35 35 35 35 35 35 35 
35 35 35 35 35 35 35 35 35 35 35 35 35 35 35 35 35 35 35 35 35 35 35 30 35 35 35 35 5 30 30 35 35 35 35 35 35 35 35 35 35 35 35 35 35 35 35 35 35 35 35 35 35 35 35 35 35 35 35 86 86 61 61 56 61 61 86 35 35 35 35 35 5 30 35 35 35 35 35 35 35 35 35 35 35 35 35 35 35 35 35 35 35 35 35 35 35 35 35 35 35 35 35 35 35 35 35 35 60 35 35 35 35 35 35 35 35 35 35 35 35 35 35 35 35 35 35 35 35 35 35 35 35 35 35 35 35 35 35 35 35 35 35 35 35 35 35 35 35 35 35 35 35 35 35 35 35 35 35 35 35 35 35 35 35 35 35 35 35 35 
35 35 35 35 35 35 35 35 35 35 35 35 35 35 35 35 35 35 35 35 35 35 35 35 35 35 35 35 30 30 35 30 35 35 35 35 35 35 5 35 35 35 35 30 30 35 35 35 35 35 35 35 35 35 35 35 35 35 35 86 86 56 61 56 61 56 61 86 61 35 35 35 30 5 35 35 35 35 35 35 35 35 35 35 35 35 35 35 35 35 35 35 35 35 35 35 35 35 35 35 35 35 35 35 35 35 35 35 35 35 35 35 35 35 35 35 35 35 35 35 35 35 35 35 35 35 35 35 35 35 35 35 35 35 35 35 35 35 35 35 35 35 35 35 35 35 35 35 35 35 35 35 35 35 35 35 35 35 30 30 35 35 35 35 35 35 35 35 35 35 
35 35 35 35 35 30 35 35 35 35 35 35 35 35 35 35 35 35 35 35 35 35 35 35 35 35 35 35 35 35 35 35 35 35 35 35 35 35 35 35 35 35 35 35 30 5 30 35 35 35 35 35 35 35 35 35 35 35 60 86 61 55 61 61 61 61 61 61 87 61 35 35 35 30 35 35 35 35 35 35 35 35 35 35 35 35 35 35 35 35 35 35 35 35 35 35 35 35 35 35 35 35 35 35 35 35 35 35 35 35 35 35 36 35 35 35 35 35 35 35 35 35 35 35 35 35 35 35 35 35 35 35 35 5 35 35 35 35 35 35 35 35 35 35 35 35 35 35 35 35 35 35 35 35 35 30 30 30 30 30 35 35 35 35 35 35 35 35 35 35 
35 35 35 35 35 35 30 35 35 35 35 35 30 35 35 35 30 35 35 35 35 35 35 35 35 35 35 35 35 35 35 35 35 35 35 35 35 35 35 35 35 35 35 35 5 5 30 35 35 35 35 35 35 35 35 35 35 35 61 56 55 56 56 61 61 62 61 62 87 87 61 35 35 35 35 35 35 35 35 35 35 35 35 35 35 35 35 35 35 35 35 35 35 35 35 35 35 35 35 35 35 35 35 35 35 35 35 35 35 35 35 35 35 35 35 35 35 35 35 35 35 35 35 35 35 35 35 35 35 35 35 35 35 35 35 35 35 35 35 35 35 35 35 35 35 35 35 35 35 35 35 35 35 35 35 35 30 30 5 30 35 35 35 35 35 35 35 35 35 35 
35 35 30 35 35 35 30 35 35 35 35 35 30 35 35 35 30 30 35 35 35 35 35 35 35 35 35 35 35 35 35 35 35 35 35 35 35 35 35 35 35 35 35 35 35 30 30 35 35 35 35 35 35 35 35 35 35 35 61 55 30 56 56 61 56 61 61 56 62 87 87 35 35 35 35 35 35 35 35 35 35 35 35 30 35 35 35 35 35 35 35 35 35 35 35 35 35 35 35 35 35 35 35 35 35 35 35 35 35 35 35 35 35 35 35 35 35 35 35 35 35 35 35 35 35 5 35 35 35 35 35 35 35 35 35 35 35 35 35 35 35 35 35 35 35 35 35 35 35 35 35 35 35 35 35 35 35 35 30 30 35 35 35 35 35 35 35 35 35 35 
35 30 30 30 35 35 30 5 30 35 35 35 30 35 35 35 30 5 30 35 35 35 35 35 35 35 35 35 35 35 35 35 35 35 35 35 35 35 35 35 35 35 35 35 35 35 35 35 35 35 35 35 35 35 35 35 35 60 56 30 30 56 31 56 56 61 61 56 61 87 87 62 35 35 35 30 35 35 35 35 35 35 35 35 35 35 35 35 35 35 35 35 35 35 35 35 35 35 35 35 35 35 35 35 35 35 35 35 35 35 35 35 35 35 35 35 35 35 35 35 30 35 35 35 35 35 35 35 35 35 35 35 35 35 35 35 35 35 35 35 35 35 35 35 35 35 35 35 35 35 35 35 35 35 35 35 35 35 35 35 35 35 36 35 35 35 35 35 35 35 
35 30 30 30 30 35 35 35 30 35 35 35 35 35 35 35 35 30 35 35 35 35 35 35 35 35 35 35 35 35 35 35 35 35 35 35 35 35 35 35 35 35 35 35 35 35 35 35 35 35 35 35 35 35 35 35 35 61 56 30 30 31 31 56 56 56 56 62 62 61 87 87 61 35 35 35 35 35 35 35 35 35 35 35 35 35 30 35 30 35 35 35 35 35 35 35 35 35 35 35 35 35 35 35 35 35 35 35 35 35 35 35 35 35 35 35 35 35 35 35 35 35 35 35 35 35 35 35 35 35 35 35 35 35 35 35 35 35 35 35 35 35 35 35 35 35 35 35 30 35 35 35 30 35 35 35 35 35 35 35 35 35 35 35 35 35 35 35 35 35 
35 35 35 30 35 35 35 35 35 35 35 35 35 35 35 35 35 35 35 35 35 35 35 35 35 35 35 35 35 35 35 35 35 35 35 35 35 35 35 35 35 35 35 35 35 35 35 35 35 35 35 35 35 35 35 35 35 61 55 30 30 31 31 31 56 56 61 62 56 62 62 87 87 30 35 35 35 35 35 35 35 35 35 35 35 35 35 35 35 35 35 35 35 35 35 35 35 35 35 35 35 35 36 35 35 35 35 35 35 35 35 35 35 35 35 35 35 35 35 35 35 35 35 35 35 35 35 35 35 35 35 35 35 35 35 35 35 35 35 35 35 35 35 35 35 35 35 35 30 35 35 30 35 35 35 35 35 35 35 35 35 35 35 35 35 35 30 5 35 35 
35 35 30 30 35 35 35 35 35 35 30 35 35 35 35 35 35 35 35 35 35 35 35 35 35 35 35 35 35 35 35 35 35 35 35 35 35 35 35 35 35 35 35 35 35 35 35 35 35 35 35 35 35 35 35 35 35 61 55 30 31 30 56 56 56 56 56 56 62 61 62 87 87 60 35 35 35 35 35 35 35 35 35 35 35 30 35 35 35 35 35 30 30 35 35 35 35 35 35 35 35 35 35 35 35 60 36 35 35 35 35 35 35 35 35 35 35 35 35 35 35 35 35 35 35 35 35 35 35 35 35 35 35 35 35 35 35 35 35 35 35 35 35 35 35 35 35 35 35 35 35 35 35 35 35 35 35 35 35 35 35 35 35 30 35 35 30 5 35 35 
35 35 35 30 30 35 35 35 35 35 35 35 35 35 35 35 35 35 35 35 35 35 35 35 35 35 35 35 35 35 35 35 35 35 35 35 35 35 35 35 35 35 35 35 35 35 35 35 35 35 35 35 35 35 35 35 35 61 55 30 30 56 31 31 56 56 31 62 62 62 61 61 61 61 35 35 35 35 35 35 35 35 35 35 35 35 35 35 35 35 35 30 35 35 35 35 35 35 35 35 35 35 35 35 35 35 35 35 35 35 35 35 35 35 35 35 35 35 35 35 35 35 35 35 35 35 35 35 35 35 35 35 35 35 35 35 35 35 35 35 35 35 35 35 35 35 35 35 35 35 35 35 35 35 35 35 35 35 35 35 35 35 35 35 30 30 30 35 35 35 
35 35 35 35 35 35 35 35 35 35 35 35 35 35 35 35 30 35 35 35 35 35 35 35 35 35 35 35 35 35 35 35 35 35 35 35 35 35 35 35 35 35 35 35 35 35 35 35 35 35 35 35 35 35 35 35 35 61 30 30 30 31 31 31 31 56 56 61 61 61 61 61 61 61 60 35 35 30 5 35 35 5 35 35 35 35 35 35 35 35 35 5 5 35 35 35 35 35 35 35 35 35 35 35 35 35 35 35 35 35 35 35 35 35 35 35 35 35 35 35 35 35 35 35 35 35 35 35 35 35 35 35 35 35 35 35 35 35 35 35 35 35 35 35 30 30 5 5 30 5 35 35 35 35 35 35 35 35 35 35 35 35 35 35 35 35 35 35 35 35 
35 35 30 35 35 35 35 35 35 30 35 35 35 35 35 35 5 35 35 35 35 35 35 35 35 35 35 35 35 35 35 35 35 35 35 35 35 35 35 35 35 35 35 35 35 35 35 35 35 35 35 35 35 35 35 30 35 61 30 30 31 31 31 31 31 56 56 56 56 56 56 61 61 56 61 35 35 30 5 30 30 5 35 35 35 35 30 35 30 35 35 5 5 35 35 35 35 35 35 30 35 35 35 35 35 35 35 35 35 35 61 61 61 61 61 35 35 35 35 35 35 35 35 35 35 35 35 35 35 35 35 35 35 5 35 5 35 35 35 35 35 35 35 35 30 30 5 35 35 5 5 35 35 35 30 35 36 35 30 30 35 35 35 35 35 35 35 35 35 30 
35 35 35 35 35 35 35 35 35 35 35 35 35 35 35 35 5 30 35 35 35 35 35 35 35 35 35 35 35 35 35 35 35 35 35 35 35 35 35 35 35 35 35 35 35 35 35 35 35 35 35 35 35 35 35 35 35 61 55 30 31 31 31 31 30 56 61 62 61 61 61 56 61 55 55 35 35 30 5 35 35 5 35 35 35 35 35 35 5 5 35 5 5 35 35 35 35 35 35 30 35 35 35 35 35 35 61 62 92 87 87 86 86 86 86 87 61 35 35 35 35 35 35 35 35 35 35 35 35 35 5 35 35 35 35 35 35 35 35 35 35 35 30 5 5 30 5 35 30 5 5 30 5 5 35 35 36 35 30 30 5 30 30 5 5 35 35 35 35 35 
35 35 35 35 35 35 35 35 35 35 35 35 35 35 35 35 30 35 35 35 35 35 35 35 35 35 35 35 35 35 35 35 35 35 35 35 35 35 35 35 35 35 35 35 35 35 35 35 35 35 35 35 35 35 35 35 35 61 55 30 30 31 31 31 30 30 61 61 56 56 61 61 61 61 56 61 35 35 30 35 35 30 35 35 35 35 35 5 5 5 5 5 35 35 35 35 35 35 35 35 35 35 35 35 92 92 92 92 92 87 86 86 61 86 86 86 86 61 35 35 35 35 35 35 35 35 35 35 35 35 30 30 35 35 35 35 35 35 35 30 35 35 30 30 5 5 5 35 5 5 30 35 30 35 35 30 5 5 5 35 35 35 35 30 5 5 35 35 30 30 
35 35 35 35 35 35 35 35 35 35 35 35 35 35 35 35 35 35 35 35 35 35 35 35 35 35 35 35 35 35 35 35 35 35 35 35 35 30 35 35 35 35 35 35 35 35 35 35 35 35 35 35 35 35 35 35 35 61 55 30 31 31 31 31 25 31 56 31 56 56 56 61 56 61 56 56 61 35 35 35 35 35 35 35 35 35 5 30 30 5 30 35 35 35 35 35 35 35 35 35 35 35 61 92 92 92 87 87 87 62 62 62 87 61 61 87 86 61 35 35 35 35 35 35 35 35 35 30 35 35 35 35 35 35 35 35 35 35 35 35 35 35 30 35 35 5 5 5 5 5 5 35 35 35 35 5 30 5 5 35 35 5 5 5 5 35 5 5 5 5 
30 35 35 35 35 35 30 30 35 35 35 35 35 35 35 35 35 35 35 35 35 35 35 35 35 35 35 35 35 35 35 35 35 35 35 35 35 35 35 35 35 35 35 35 35 35 35 35 35 35 35 35 35 35 35 35 35 60 55 30 30 31 31 30 30 25 56 25 30 55 56 61 61 61 56 56 61 35 35 35 35 35 30 30 35 30 5 5 35 5 5 5 35 35 35 35 35 35 35 35 60 92 92 87 87 87 62 62 62 62 62 87 62 61 86 86 86 61 35 35 35 35 35 35 35 35 5 35 35 35 35 35 35 35 35 35 35 35 35 35 35 5 5 5 10 5 5 5 5 30 5 5 5 35 35 5 5 5 35 35 5 30 5 5 5 35 5 5 5 30 
30 35 35 35 35 35 35 35 35 35 35 35 35 35 35 35 35 35 35 35 35 35 35 35 35 35 35 35 35 35 35 35 35 35 35 35 35 35 35 35 35 35 35 35 35 35 35 35 35 35 35 35 35 35 35 35 35 61 55 55 30 30 30 30 25 25 25 25 55 56 55 56 56 55 55 86 86 60 35 35 35 35 35 35 35 5 30 30 35 30 35 30 35 30 35 35 30 35 35 61 86 87 92 87 56 62 61 31 62 62 62 61 62 62 86 86 86 61 30 35 35 30 35 35 35 35 35 35 35 35 35 35 35 35 35 35 35 35 35 35 35 30 30 30 5 35 35 10 5 5 5 5 35 5 35 35 35 35 35 35 5 5 5 5 35 35 5 5 5 5 
35 35 35 35 35 35 35 35 35 30 35 35 35 35 35 35 35 35 35 35 35 35 35 35 35 35 35 35 35 35 35 35 35 35 35 35 35 35 35 35 35 35 35 35 35 35 35 35 35 35 35 35 35 35 35 35 35 60 56 55 30 31 30 30 25 25 25 56 56 56 56 56 55 55 55 86 55 61 35 35 35 35 35 35 35 35 35 35 35 35 35 30 30 35 35 35 30 35 86 86 86 87 61 62 62 87 61 56 31 31 56 61 61 56 61 61 56 35 30 30 30 30 35 35 35 35 30 35 35 30 5 35 35 35 35 35 35 35 35 35 35 35 35 35 30 5 5 5 35 30 10 35 35 35 5 35 35 5 5 5 5 5 5 30 35 35 30 5 5 35 
35 35 35 35 35 35 35 35 35 30 35 30 35 35 35 35 35 35 35 35 35 35 35 35 35 35 35 35 35 35 35 35 35 5 30 35 35 35 35 35 35 35 35 35 35 35 35 35 35 35 35 35 35 35 35 35 35 61 56 56 56 30 30 25 25 25 25 56 56 56 56 55 56 86 86 56 56 86 86 87 87 61 61 61 35 35 35 35 35 35 35 30 30 35 35 35 60 86 86 86 87 87 56 62 62 56 56 31 62 31 56 56 31 61 56 61 55 30 30 30 30 30 30 35 35 35 30 35 35 30 5 30 30 35 30 35 35 35 30 5 30 35 35 35 35 35 5 5 5 30 5 35 35 5 5 5 10 5 5 35 35 5 5 35 35 35 35 5 35 35 
35 35 35 35 30 35 30 35 30 30 35 35 30 35 35 35 35 35 35 35 35 35 35 35 35 35 35 35 35 35 35 35 35 30 30 35 35 35 35 35 35 35 35 35 35 35 5 35 35 35 35 35 35 35 35 35 35 61 56 56 56 30 30 25 25 25 25 30 56 56 56 86 86 86 86 61 86 86 86 86 87 87 87 87 87 87 87 61 35 35 35 35 35 35 61 86 87 86 86 86 61 87 56 61 62 31 31 61 56 56 56 56 62 61 61 55 30 35 35 30 35 35 35 35 35 35 30 30 35 35 30 30 5 35 35 5 35 5 5 5 30 35 35 35 35 35 5 5 5 5 5 5 5 5 5 5 5 5 5 5 5 35 30 35 35 5 30 35 35 35 
35 30 35 30 5 30 35 35 30 35 30 30 35 35 35 35 30 35 35 35 35 35 35 35 35 35 35 35 35 35 35 35 35 35 35 35 30 35 35 35 35 35 35 35 35 35 35 35 35 35 35 35 35 35 35 35 35 61 55 30 56 56 30 25 25 25 25 30 56 56 61 86 86 86 86 86 86 86 86 86 86 86 86 86 86 86 86 87 87 87 61 35 35 61 86 86 86 86 86 61 87 87 87 62 61 31 56 56 31 31 56 31 31 61 61 55 30 35 35 35 35 35 35 35 35 35 35 35 35 35 30 35 30 5 5 5 30 5 5 5 35 35 35 35 35 35 35 35 30 5 5 5 35 5 5 5 5 5 5 5 30 5 5 30 35 35 35 35 35 35 
35 30 30 5 5 30 35 35 30 30 30 30 35 35 35 35 35 35 35 35 35 35 35 35 35 35 35 35 35 35 35 35 35 35 35 35 30 35 35 35 35 35 35 35 35 35 35 35 35 35 35 35 35 35 35 35 30 61 55 25 30 55 56 25 25 25 25 25 55 56 86 86 86 86 86 86 86 86 87 86 86 86 86 86 86 86 86 86 87 87 87 87 61 86 86 86 86 61 86 86 87 61 30 61 61 61 31 31 31 56 56 56 56 30 56 30 35 35 35 35 35 35 35 35 35 5 30 35 35 35 35 30 30 30 5 5 5 5 30 35 30 30 35 30 5 5 36 5 5 5 5 5 5 5 30 5 5 5 30 5 5 5 5 5 5 30 30 5 35 35 
5 30 30 30 5 35 35 35 35 5 30 35 35 35 35 35 35 35 35 35 35 35 35 35 35 35 35 35 35 35 35 35 35 35 35 35 35 35 35 35 35 35 35 35 35 35 35 30 35 35 35 35 35 35 5 5 30 61 55 55 30 30 30 25 25 56 25 25 55 61 86 86 86 86 86 86 86 87 87 86 86 86 86 86 86 86 86 86 86 86 86 86 87 86 86 55 55 55 61 61 55 30 30 30 61 61 25 30 31 31 56 56 31 56 55 30 35 35 35 35 35 35 5 35 30 5 30 35 35 35 35 5 35 35 5 5 5 5 30 35 5 5 30 5 5 5 5 5 5 5 5 5 5 5 5 5 5 5 5 5 5 5 5 5 5 5 5 5 35 35 
5 30 30 30 5 35 35 30 30 5 30 35 35 35 35 35 30 35 35 35 35 35 35 60 35 35 30 35 35 35 30 35 35 35 35 35 36 36 35 35 35 35 35 35 35 35 35 35 35 35 35 35 35 35 35 30 35 61 56 61 56 56 30 30 31 61 61 56 56 86 86 86 86 86 86 87 86 86 86 86 86 86 56 86 86 86 86 86 86 86 86 86 87 87 61 86 86 30 56 30 30 30 30 25 31 31 25 25 31 56 56 31 56 30 30 35 35 35 35 30 30 30 5 30 30 30 35 30 35 30 35 30 35 35 5 30 30 5 35 35 5 5 5 5 5 5 5 5 5 5 5 5 5 5 5 5 5 5 5 0 5 5 5 30 5 5 5 5 5 5 
30 35 30 30 30 30 35 35 5 30 35 35 35 35 35 30 30 35 35 35 35 35 35 35 35 35 35 35 35 35 35 35 35 35 35 60 36 35 35 35 35 35 35 35 35 35 35 35 35 35 35 35 35 30 30 35 35 61 56 61 55 56 56 56 56 62 62 86 86 87 86 86 86 86 87 86 86 86 86 86 86 61 86 61 86 86 86 86 86 86 86 86 86 86 86 86 55 25 55 30 61 56 0 0 25 25 25 30 31 31 56 31 56 30 30 35 35 35 35 30 5 30 30 30 30 35 35 35 35 30 35 35 35 35 30 5 30 5 30 30 30 5 30 30 35 30 5 5 35 5 5 5 35 30 30 5 5 5 5 5 5 5 5 5 5 5 5 5 5 5 
30 30 35 30 35 35 35 35 30 35 35 35 35 35 35 30 35 35 35 35 35 35 35 35 35 35 35 35 35 30 35 35 35 35 35 60 35 35 35 35 35 35 35 35 35 35 35 35 35 35 35 35 35 30 35 35 35 35 55 61 55 55 56 61 61 61 61 86 86 86 86 87 87 87 87 86 86 86 86 61 61 56 56 56 56 86 56 56 86 86 61 86 86 86 86 61 86 55 30 30 30 30 25 0 0 25 30 31 31 31 31 30 30 30 35 36 35 61 35 35 5 30 30 35 35 35 35 30 35 35 35 35 35 35 35 30 5 30 35 35 35 30 35 35 30 5 5 35 35 5 5 35 30 35 30 5 5 5 5 5 5 5 5 5 5 5 5 5 35 35 
35 35 35 35 35 35 35 35 35 35 35 5 35 35 35 35 35 35 35 35 35 35 35 30 35 35 35 60 35 35 35 35 35 35 35 35 35 35 35 35 35 35 35 35 35 35 30 30 30 30 30 35 35 35 35 35 35 30 60 56 56 61 62 56 62 61 86 86 86 86 86 87 87 87 87 86 86 86 86 81 56 56 56 55 55 56 56 86 86 61 86 86 61 86 86 61 61 55 30 30 56 56 0 0 25 30 30 31 31 31 30 30 30 30 36 35 35 35 35 35 35 35 35 35 35 30 30 35 35 35 35 5 35 35 35 35 35 35 35 35 30 35 35 30 5 5 35 35 35 35 35 35 35 35 35 35 30 5 5 5 5 5 5 30 30 30 5 35 35 35 
35 35 35 35 35 30 30 30 35 35 35 5 35 35 5 35 35 35 35 35 35 35 30 35 35 35 35 35 35 35 35 35 35 35 35 35 35 35 30 30 35 35 35 5 30 30 30 30 5 5 5 30 36 36 35 30 30 30 35 61 56 56 87 87 87 86 86 61 86 87 87 87 87 87 87 86 86 86 86 55 55 55 55 56 55 55 56 86 56 61 86 61 56 56 56 55 56 55 25 25 25 0 0 0 25 25 30 31 31 31 56 30 30 35 36 35 35 35 35 35 35 35 35 35 35 35 30 35 30 35 30 5 30 35 5 5 5 35 35 35 30 35 30 35 5 5 35 35 5 30 35 30 35 30 35 35 30 30 30 35 35 5 5 35 5 5 30 5 30 35 
35 35 35 35 30 30 30 30 35 35 30 5 35 35 5 30 35 35 35 35 35 35 35 30 35 30 35 35 35 35 35 35 35 35 35 35 35 35 35 30 30 35 35 5 30 30 30 30 35 35 35 5 35 35 5 5 5 5 35 61 61 86 87 87 86 86 56 86 86 87 87 87 87 87 87 86 86 61 55 55 55 56 55 55 55 56 56 61 61 61 61 61 86 61 56 55 56 55 25 25 0 0 0 0 30 25 30 31 31 31 30 25 35 35 35 35 35 35 35 35 35 35 30 35 5 5 5 5 5 5 5 5 5 30 5 5 30 30 30 30 5 35 35 35 35 35 30 35 35 30 30 35 35 30 35 35 35 30 30 35 35 5 35 30 30 30 35 35 35 35 
30 35 35 30 30 30 35 35 35 30 5 5 35 35 30 5 35 35 35 35 35 35 30 30 35 35 35 35 35 35 35 35 35 35 35 35 35 35 35 35 30 30 35 30 30 30 30 5 35 30 5 5 5 30 5 5 30 5 30 60 61 86 86 86 86 55 55 61 86 86 87 87 87 87 61 86 61 61 61 55 55 55 86 55 86 86 56 86 61 56 61 61 86 61 55 55 30 55 30 0 0 0 0 0 0 25 31 31 31 30 30 30 30 30 35 35 35 35 35 35 35 5 5 35 5 5 30 35 35 30 30 35 35 5 5 5 35 30 35 35 35 35 35 35 35 35 30 35 35 5 5 30 30 35 35 5 35 35 35 35 30 30 35 30 35 5 30 35 35 35 
30 35 35 35 35 35 35 30 30 30 5 5 30 35 5 5 30 30 35 35 35 35 35 30 35 30 30 30 35 35 35 35 35 35 35 35 35 35 35 30 35 35 30 35 35 35 35 30 30 35 35 30 30 35 5 30 35 35 35 60 61 86 86 86 56 56 86 86 86 86 86 86 86 86 86 61 61 61 86 56 86 86 56 86 86 55 86 61 61 61 56 61 56 56 56 30 30 55 25 0 0 0 0 0 0 30 30 56 56 30 30 35 35 30 35 35 35 35 35 35 35 5 35 35 30 5 5 35 30 35 35 35 35 30 5 30 30 35 35 35 30 35 35 35 35 30 35 5 5 5 5 35 35 5 35 5 35 35 35 35 30 30 30 30 30 30 35 35 35 35 
35 30 5 35 35 35 35 35 35 30 5 5 30 5 5 5 30 30 30 35 35 35 35 30 30 35 30 30 35 35 35 35 30 35 35 35 35 35 35 35 35 35 35 35 35 35 35 35 35 35 35 35 35 35 30 35 35 35 61 86 86 86 86 55 55 86 86 86 86 86 86 86 87 87 87 87 61 61 56 61 56 61 56 86 86 56 61 61 61 61 56 56 56 55 55 30 25 30 30 30 30 25 0 0 25 30 30 30 30 30 35 5 35 30 35 35 35 35 35 35 36 35 35 35 35 35 35 35 35 35 35 30 35 35 30 5 35 35 35 5 5 35 35 35 35 35 35 35 5 5 30 30 35 5 30 5 5 30 30 5 30 35 35 35 35 30 35 35 35 35 
35 35 30 30 30 35 35 35 35 5 5 5 30 5 5 5 30 30 30 35 35 5 5 30 30 5 5 5 5 30 30 30 30 35 35 35 35 35 35 35 35 35 30 35 35 35 30 35 35 35 35 35 35 35 35 35 35 35 61 86 86 61 55 55 55 86 86 86 86 87 87 87 87 87 87 87 87 61 56 61 56 61 61 61 86 61 61 56 56 56 56 56 56 55 55 30 30 25 30 30 25 25 0 0 25 25 0 0 25 30 30 35 5 30 30 35 35 5 35 35 35 35 35 35 35 35 35 35 35 5 35 35 35 35 35 5 35 35 35 5 35 35 35 35 35 5 35 35 35 30 30 5 30 5 5 5 5 30 35 30 5 35 35 35 35 35 35 35 30 35 
35 30 30 30 30 35 35 35 30 5 5 30 35 30 5 5 30 30 35 35 35 30 30 30 5 5 5 5 30 5 5 5 35 35 35 35 35 5 35 35 30 35 35 35 35 35 35 35 35 35 35 35 35 30 35 35 35 35 61 86 86 61 55 55 61 86 86 86 87 87 87 86 61 61 56 87 87 61 56 55 55 56 61 61 56 55 56 56 55 56 56 55 55 55 30 25 25 25 30 30 25 25 25 25 25 25 30 30 30 61 35 35 35 30 5 5 35 30 35 35 35 35 35 35 30 35 35 35 30 35 35 35 35 35 30 35 35 36 36 35 35 35 35 35 30 35 35 35 30 5 5 5 5 5 30 5 5 30 30 35 5 35 35 35 35 35 35 30 5 30 
5 5 5 30 30 5 35 35 30 5 0 5 30 35 5 5 5 5 35 30 35 30 30 30 5 5 5 5 5 5 5 5 30 30 30 35 35 30 35 30 5 5 5 5 35 35 35 35 35 35 35 35 35 30 35 35 35 60 86 86 61 56 55 61 61 86 86 86 87 86 86 61 56 31 31 61 62 61 56 30 56 30 56 56 30 30 56 61 61 31 56 56 55 30 30 25 25 30 30 30 30 25 25 25 30 30 30 30 30 35 35 5 5 30 35 5 30 35 35 35 35 35 30 5 35 35 35 35 35 35 35 35 35 35 35 30 35 35 35 35 35 35 35 35 30 35 35 35 5 30 5 5 5 5 35 35 5 5 35 35 35 35 35 35 35 35 35 5 5 5 
30 5 5 30 30 5 30 35 5 5 5 30 35 30 30 30 5 5 30 35 35 35 35 30 30 30 5 5 5 5 5 5 5 5 5 5 5 5 30 5 35 35 5 5 30 35 35 35 35 35 35 35 35 35 35 35 35 61 86 86 86 56 56 61 61 61 86 61 86 55 0 0 0 0 30 61 61 56 56 30 30 30 30 31 30 61 61 61 61 61 56 25 25 30 30 25 25 30 30 55 30 30 25 25 30 30 30 30 35 35 35 35 35 5 35 35 30 5 35 35 35 35 30 5 35 35 35 35 35 35 35 35 35 35 30 30 35 35 35 35 35 35 30 35 35 35 35 35 35 35 35 35 35 5 35 35 30 30 35 35 35 35 30 35 35 35 30 5 5 30 
5 5 5 5 5 5 35 5 30 30 35 35 35 5 30 30 30 5 5 5 35 35 30 30 30 5 30 5 5 5 5 5 5 5 5 5 5 5 35 35 36 35 35 30 35 35 35 35 35 35 35 35 35 35 35 35 66 86 86 86 61 56 56 61 61 61 56 61 56 0 0 32 0 0 25 56 56 61 61 56 56 30 30 30 56 61 61 61 31 31 61 61 25 25 25 25 25 25 30 30 30 30 30 30 30 30 30 35 35 35 35 5 35 35 35 35 35 35 5 30 35 35 35 35 35 30 30 30 35 35 35 35 35 30 35 35 35 35 35 35 35 5 35 35 35 35 35 5 35 35 35 5 35 35 35 30 30 35 35 35 35 35 30 35 35 35 35 30 35 30 
5 5 30 5 5 30 5 5 5 5 30 5 5 5 5 35 35 5 5 30 30 5 30 30 30 5 30 5 5 5 30 5 5 5 35 5 30 30 35 36 35 35 35 35 35 35 35 35 30 35 35 35 35 35 35 35 61 87 86 86 86 61 86 62 87 87 87 86 61 0 0 0 0 0 0 56 31 56 56 31 56 56 30 56 56 56 31 0 0 25 30 55 55 25 30 30 25 25 25 25 30 30 30 30 30 30 30 35 35 35 35 30 35 35 35 35 35 35 30 5 35 35 35 35 5 30 30 30 35 35 35 35 35 35 35 35 35 35 30 35 30 30 35 30 35 30 35 5 30 35 5 35 35 35 35 35 35 5 30 5 35 30 35 35 35 35 35 30 35 30 
30 30 35 5 5 35 30 5 5 5 5 5 5 5 5 30 5 30 30 5 5 5 5 30 30 0 5 5 30 5 30 5 5 30 35 35 5 30 35 35 35 35 30 35 35 30 35 35 35 35 35 35 35 35 61 86 87 87 86 86 86 87 87 87 87 92 92 87 86 56 0 0 0 0 0 30 31 56 56 56 56 56 56 30 30 30 0 0 0 0 30 55 56 30 25 25 25 30 25 30 30 55 30 30 30 35 35 35 30 35 35 5 35 30 35 35 35 35 35 35 35 35 35 35 35 35 35 35 35 35 35 35 35 35 35 35 35 35 35 35 5 5 35 5 35 35 5 5 35 30 5 5 5 30 30 30 35 35 35 5 30 5 35 35 35 35 35 35 35 30 
30 30 30 5 5 5 30 30 35 35 35 35 35 30 30 35 35 30 5 30 30 5 30 5 5 5 30 5 30 5 30 5 5 30 35 35 35 35 35 36 35 35 35 35 35 35 35 30 5 35 35 35 35 35 61 87 87 87 86 87 87 87 92 92 93 92 92 87 61 61 0 0 0 0 0 30 61 61 61 56 56 56 56 30 30 0 0 0 0 0 0 25 30 30 25 25 25 30 25 30 30 30 30 30 35 35 35 5 5 30 30 35 35 35 35 35 35 35 35 35 35 35 35 35 35 35 35 35 5 5 30 35 35 35 35 35 35 35 35 35 5 30 35 35 35 35 5 5 30 35 5 5 30 30 35 30 5 35 30 5 30 30 35 35 35 30 35 35 5 35 
5 5 5 30 5 5 5 30 35 35 35 35 35 30 35 35 30 5 5 5 30 30 30 30 30 30 30 35 35 30 35 5 5 5 35 35 35 35 36 35 30 35 35 35 35 35 30 35 5 5 30 35 35 35 61 86 87 87 87 87 87 92 93 93 93 93 87 87 86 86 56 25 0 0 31 56 56 86 61 61 61 61 56 30 25 0 0 0 0 0 0 0 25 30 25 25 25 25 25 25 30 30 30 35 35 35 30 30 30 35 35 35 35 35 5 30 35 35 30 30 35 5 10 35 35 35 30 5 30 5 30 30 35 35 35 35 30 35 35 35 30 35 35 5 35 30 5 5 5 35 5 35 35 35 5 5 5 5 5 5 5 35 35 35 35 35 30 35 30 35 
30 30 5 5 30 30 30 35 30 30 30 35 35 5 35 35 30 30 30 30 30 5 35 30 35 5 5 5 5 5 35 35 30 30 35 35 35 35 35 35 35 35 35 35 35 35 35 35 30 35 35 35 35 61 87 87 87 87 87 87 92 93 93 93 93 93 87 87 87 61 61 56 56 30 87 61 61 61 62 62 62 61 61 25 25 0 0 0 0 0 0 0 25 25 25 0 25 0 25 25 25 30 30 60 35 30 30 35 5 35 35 5 30 30 30 30 30 30 5 30 35 30 30 30 5 5 5 30 30 35 5 5 30 5 5 30 35 35 35 35 35 35 35 35 35 35 35 35 35 35 35 30 35 35 35 5 5 5 30 35 35 30 35 5 35 35 30 35 35 35 
30 5 30 5 5 30 5 5 5 5 30 35 35 5 35 30 30 5 30 35 35 30 30 5 5 5 5 30 30 35 5 5 5 35 35 35 35 35 35 30 30 35 35 35 35 35 35 35 30 5 5 30 5 61 92 92 87 87 87 92 92 93 93 93 93 93 93 87 87 86 61 61 86 61 87 87 61 62 62 62 62 61 61 25 25 0 0 0 0 0 0 0 0 25 0 0 0 0 0 0 25 30 30 60 35 30 30 5 35 35 35 35 30 30 30 5 5 5 5 30 35 5 5 5 5 0 5 30 5 0 5 30 35 5 30 5 30 30 5 35 35 35 35 35 30 35 35 35 35 35 5 35 35 35 30 5 35 5 5 5 35 5 30 30 35 35 35 35 35 35 
5 5 5 5 5 5 5 30 5 5 5 35 35 30 35 5 30 36 30 5 30 5 5 30 5 5 30 30 30 30 35 30 35 35 35 30 35 35 35 35 35 35 35 30 5 35 35 35 30 5 30 5 5 61 87 87 87 87 92 92 93 93 93 93 92 92 92 87 87 86 86 87 87 87 87 87 62 62 62 87 87 87 55 56 30 25 0 0 0 0 0 25 0 25 25 25 25 0 0 0 25 30 56 61 35 5 30 5 5 35 30 5 30 35 30 5 30 5 5 5 35 35 35 30 5 0 5 30 5 5 5 35 35 30 5 35 5 5 5 35 5 35 30 35 30 30 35 35 35 35 35 35 35 35 35 35 35 30 30 30 35 35 35 35 30 35 35 35 35 35 
5 5 30 5 5 0 5 30 36 35 30 35 35 35 35 5 35 35 5 30 5 5 30 5 5 30 30 35 5 30 30 5 5 35 35 5 35 30 30 35 5 35 35 5 5 5 30 30 5 5 5 5 36 36 62 87 86 87 87 92 93 93 93 93 92 92 92 92 87 87 87 87 87 87 87 92 93 93 93 87 87 62 61 61 56 25 0 0 0 0 25 25 25 30 30 30 30 25 0 0 25 30 55 35 35 5 5 30 5 5 5 5 35 30 35 30 5 5 5 5 5 35 35 30 35 5 5 35 5 5 35 30 35 35 5 35 35 30 5 30 5 35 35 35 30 30 35 35 35 35 35 35 35 35 35 35 30 35 30 30 35 35 35 35 35 35 30 35 5 35 
5 5 5 5 5 5 30 5 5 35 35 5 35 35 35 5 30 35 5 5 30 5 30 5 30 30 30 5 30 5 5 30 30 5 35 5 5 30 30 35 35 35 30 5 30 5 5 35 5 30 5 35 30 36 92 87 86 87 92 92 93 93 92 92 92 92 93 92 92 87 87 87 87 92 93 93 93 93 92 87 87 87 87 61 56 30 25 25 25 25 0 25 30 30 30 30 30 25 0 0 25 30 55 30 30 5 5 35 35 30 5 30 35 35 30 30 5 5 5 35 35 30 30 35 35 5 5 30 5 5 35 35 35 35 5 35 5 30 35 35 5 30 30 35 5 5 35 35 35 35 35 35 35 35 35 35 30 35 30 5 35 35 35 35 35 35 35 35 35 30 
5 5 30 5 5 5 30 60 5 35 35 35 35 35 30 5 5 35 5 30 5 30 5 5 35 30 30 35 30 30 35 61 35 30 35 30 30 5 30 35 30 35 30 35 5 30 30 30 30 35 30 30 30 35 87 86 86 87 87 92 93 92 92 92 93 93 93 92 92 87 87 62 87 93 93 93 93 93 93 87 62 62 61 61 56 30 25 25 0 0 25 30 30 30 30 30 30 30 25 0 25 30 61 35 30 5 5 35 5 35 5 5 35 30 30 35 35 30 5 5 35 30 30 35 5 5 5 30 30 30 35 30 5 30 35 35 30 30 30 30 35 35 30 35 30 30 30 35 35 35 35 35 35 35 35 35 35 35 35 35 35 35 35 35 35 35 35 35 35 35 
5 5 30 30 30 30 30 35 30 5 35 30 30 35 5 5 30 30 30 5 30 30 30 35 35 30 5 30 35 30 30 30 35 30 30 30 5 5 30 30 30 35 35 35 30 5 5 5 5 30 5 5 30 61 87 87 87 87 92 92 92 92 92 93 92 93 93 87 62 62 62 87 93 93 93 93 93 93 93 87 62 62 61 61 56 30 30 30 0 25 25 30 30 30 30 30 30 30 30 30 25 30 55 61 61 30 30 30 30 5 35 35 30 35 30 30 35 35 35 35 35 5 30 30 5 5 5 5 5 5 5 5 5 35 35 35 30 30 30 35 5 35 30 30 35 35 5 35 35 35 35 35 35 35 35 35 35 35 35 35 35 35 35 35 35 35 35 35 35 35 
5 5 5 5 5 30 30 5 35 30 5 35 5 30 5 30 35 30 30 30 30 30 30 30 35 30 35 35 35 30 35 5 5 30 30 5 5 30 30 5 30 35 35 5 5 5 5 35 35 35 36 61 35 61 62 87 87 87 87 92 87 92 92 92 92 93 93 92 62 62 87 93 93 93 93 93 93 93 93 62 62 62 61 61 56 30 30 30 25 30 30 30 30 30 30 30 30 30 30 30 30 30 55 61 61 30 30 35 5 5 5 5 35 5 30 35 30 35 35 30 5 5 5 30 30 30 5 5 5 5 5 5 5 35 35 35 35 5 5 5 5 35 30 35 35 35 5 35 35 35 35 35 35 35 35 35 35 35 5 35 35 35 35 35 35 35 35 35 35 35 
5 30 5 5 5 5 5 35 30 5 5 30 35 5 5 35 30 5 5 30 30 30 30 30 35 30 35 35 30 35 35 35 30 5 5 5 5 30 5 5 30 30 5 5 5 5 5 5 5 30 35 61 35 61 62 87 87 87 87 87 87 87 87 62 62 62 93 93 62 62 92 93 93 93 93 93 93 62 62 62 62 61 62 56 56 30 30 30 30 30 30 30 30 30 31 31 31 31 30 30 30 30 55 61 61 35 30 35 35 35 35 30 30 5 35 35 30 30 5 5 5 5 5 30 30 5 5 5 5 5 5 5 5 35 35 35 35 30 5 5 5 35 30 35 35 35 5 35 35 35 35 35 35 35 35 35 35 35 30 35 35 35 35 35 35 35 35 35 35 35 
5 5 30 5 5 5 35 5 5 30 5 30 5 5 5 5 5 5 5 5 30 30 35 30 35 35 35 35 30 35 35 35 5 5 30 5 30 30 5 5 5 5 30 5 35 35 30 5 0 5 30 35 35 35 60 61 87 87 87 92 87 62 62 62 62 62 93 93 62 62 92 93 93 93 93 93 62 62 62 62 62 61 61 56 31 30 30 30 30 30 30 30 30 30 30 31 31 31 56 31 56 55 55 61 61 35 5 60 30 30 30 35 35 35 35 30 5 30 5 30 5 5 5 30 30 5 5 5 35 35 35 5 5 35 35 35 35 35 30 5 35 30 35 35 35 30 35 35 35 35 35 35 35 35 35 35 35 35 5 5 35 35 35 35 35 36 35 35 35 35 
35 5 30 5 5 5 30 35 5 35 5 5 30 5 5 5 5 5 5 5 30 35 35 5 5 30 30 35 30 5 35 35 30 5 30 5 30 30 5 5 5 5 5 5 5 5 5 5 30 5 35 30 35 35 62 92 92 92 92 92 92 87 62 62 62 62 93 93 62 62 93 93 93 93 62 62 62 62 62 62 62 62 61 61 31 30 30 30 31 31 30 30 30 31 30 31 31 31 56 56 55 56 56 61 61 35 35 61 30 35 5 35 30 35 35 35 35 35 35 35 30 35 35 35 35 35 35 35 35 35 35 35 35 35 35 35 35 35 36 35 30 35 35 35 35 35 35 35 35 35 35 30 35 35 35 35 35 35 36 35 35 5 35 35 35 36 61 35 35 35 
30 5 30 30 5 30 30 35 5 35 5 5 5 5 30 5 5 5 5 5 30 35 35 30 30 35 30 30 30 5 35 30 35 35 5 0 0 5 5 35 5 5 5 5 5 35 30 5 35 35 35 35 35 30 61 92 92 87 92 87 92 92 92 62 62 62 93 62 62 87 93 93 93 62 31 31 31 31 62 62 62 62 31 31 56 30 30 30 30 31 30 30 30 30 31 56 31 31 31 61 56 55 55 61 61 36 36 61 36 35 30 30 5 5 30 30 35 35 30 35 30 30 30 30 35 35 35 35 35 35 35 35 35 35 35 35 35 35 35 30 35 35 35 35 35 35 35 35 35 35 35 35 35 35 35 35 30 35 35 35 5 35 35 35 35 35 35 35 5 35 
35 35 30 5 30 5 30 5 30 30 30 35 30 0 5 30 5 5 5 5 30 35 5 5 30 30 5 5 5 30 35 35 36 35 5 5 35 35 36 35 30 30 35 35 30 30 35 5 35 35 5 30 35 35 87 93 92 92 87 87 92 92 92 62 92 62 62 62 93 87 93 93 62 6 6 1 1 31 31 31 31 56 31 31 31 30 30 30 31 31 30 30 30 30 30 31 31 30 30 30 30 55 55 61 61 30 35 66 36 35 35 35 35 30 30 35 60 30 5 30 35 30 35 35 35 35 30 35 35 35 35 35 35 35 35 35 35 35 35 35 35 35 35 35 35 35 35 35 35 35 35 35 35 35 30 35 35 35 35 30 5 5 35 30 35 35 35 5 35 35 
30 5 30 30 5 5 5 5 30 5 35 35 35 30 5 30 35 5 5 5 35 5 5 5 5 30 5 30 5 5 5 35 35 35 30 30 35 35 35 30 36 35 30 35 35 35 35 30 30 35 5 5 30 61 92 93 92 92 92 92 92 92 87 87 87 62 62 62 93 62 93 68 0 6 1 0 0 0 0 0 0 30 31 31 31 30 31 30 31 31 30 30 30 30 30 30 30 56 56 30 56 55 55 61 61 35 35 35 35 30 35 35 35 35 30 5 5 5 5 30 35 35 30 30 35 30 30 35 35 35 30 35 35 35 35 35 30 35 35 35 35 35 35 35 35 35 35 35 35 35 35 35 35 35 35 5 35 35 35 5 5 5 35 35 35 35 36 35 35 35 
30 5 5 30 5 5 5 5 30 5 5 30 5 30 30 35 5 30 30 36 36 36 35 36 35 5 5 30 30 5 0 35 5 5 30 5 35 35 35 30 36 5 35 35 35 5 35 5 35 5 5 5 30 92 92 92 92 92 92 92 92 92 92 87 62 62 62 31 93 93 93 93 0 0 0 0 0 0 0 0 0 0 31 31 31 31 31 31 31 5 30 30 30 30 30 30 30 31 30 30 56 55 56 61 61 35 35 30 35 35 30 30 35 30 35 35 30 30 5 30 35 35 30 35 35 5 35 35 35 35 30 35 35 30 35 35 35 30 35 35 35 35 35 35 35 35 35 35 35 35 35 35 30 35 35 5 35 35 35 5 5 5 10 35 35 35 35 5 5 35 
30 30 30 30 5 5 5 5 5 35 5 30 30 30 35 30 30 35 35 30 61 36 61 61 36 5 35 30 5 0 5 5 0 5 30 30 30 35 30 35 30 35 61 5 35 5 35 5 5 5 5 30 61 92 92 92 92 92 92 92 92 87 92 62 62 62 62 31 68 93 93 63 0 0 0 0 0 0 0 0 0 0 31 31 31 31 31 31 30 30 30 30 30 30 30 30 30 30 31 55 55 55 61 61 36 35 35 35 35 35 35 35 35 5 35 35 35 35 30 35 35 35 35 35 35 35 35 30 35 35 5 35 35 30 35 35 35 30 5 35 35 35 35 35 35 35 35 35 35 35 35 5 35 35 5 5 35 5 35 35 35 5 35 5 35 35 35 35 5 5 
5 35 35 30 35 30 5 30 5 30 5 35 30 35 35 35 30 5 0 35 61 35 35 35 30 30 5 5 30 5 30 5 5 5 5 60 35 30 30 35 30 61 61 30 35 30 35 5 5 5 5 61 92 92 92 92 87 87 87 92 92 62 87 87 62 62 62 62 62 68 68 63 31 0 0 0 0 0 0 0 0 0 31 31 31 31 31 31 30 30 30 30 30 30 31 31 56 56 30 30 55 56 61 36 35 35 35 35 35 35 35 35 35 35 35 35 35 35 35 35 35 35 35 60 35 35 35 35 35 35 30 35 35 30 35 35 35 35 35 35 35 5 30 35 30 5 35 35 35 30 35 35 5 36 5 35 5 35 35 35 5 5 35 35 35 35 35 30 5 5 
35 35 30 35 30 35 30 35 60 30 5 35 35 35 35 35 5 5 35 35 30 35 35 30 30 5 35 35 35 30 30 30 5 5 36 35 35 35 35 35 35 35 61 30 5 30 35 0 0 0 30 87 92 92 92 87 87 87 87 87 87 92 92 62 62 62 62 62 62 63 62 62 62 0 0 0 0 0 0 0 0 31 31 31 31 31 0 30 30 30 30 31 30 31 56 31 56 56 30 55 56 61 62 87 61 35 35 35 35 35 35 35 35 35 35 35 35 35 30 35 35 35 35 35 35 35 35 35 5 35 35 35 35 35 35 35 35 35 35 35 35 35 35 5 35 5 35 35 35 5 5 5 5 35 5 5 5 5 36 35 30 5 10 35 5 35 5 35 5 10 
35 35 35 35 35 35 35 35 35 5 30 5 35 35 35 35 5 5 60 35 35 35 35 30 5 35 36 35 35 35 5 30 30 35 35 35 35 35 35 35 30 5 35 30 5 5 35 5 35 60 86 92 92 92 92 87 87 87 87 87 92 92 62 62 62 62 62 62 62 62 62 62 31 6 0 0 0 0 0 0 5 6 31 31 31 0 0 30 30 30 31 31 31 31 56 56 56 56 30 56 56 62 62 87 87 60 36 35 35 35 30 5 35 35 35 35 5 35 61 35 35 35 35 35 35 35 35 5 5 35 35 35 35 35 35 5 35 35 35 35 35 5 5 5 5 30 35 30 30 35 5 5 5 35 35 35 5 36 36 35 35 35 35 35 35 35 5 30 5 35 
35 35 35 35 35 30 35 60 30 5 30 5 5 30 30 35 30 35 35 30 35 30 30 35 5 30 35 35 30 35 35 35 35 35 35 30 35 30 35 35 35 35 5 35 30 5 35 30 30 87 87 92 92 92 92 87 87 86 87 87 87 62 62 62 62 62 62 62 62 62 62 37 31 0 0 0 0 0 0 0 5 5 31 31 31 0 30 30 30 31 31 31 31 30 56 30 56 56 56 61 62 62 62 87 87 61 60 35 35 35 35 5 35 35 35 35 35 35 35 35 35 30 35 35 35 35 35 5 5 30 35 35 35 30 35 35 35 5 5 35 35 5 5 5 5 5 35 35 35 5 5 5 35 5 35 35 5 36 35 5 35 5 30 5 35 35 5 5 35 35 
35 35 35 30 35 30 30 35 35 35 35 35 5 35 5 35 30 35 35 5 30 30 30 30 35 30 35 30 30 35 36 35 35 35 35 35 35 35 30 35 35 35 35 5 5 5 35 60 86 87 87 92 92 92 92 87 87 87 87 87 62 87 62 62 62 62 62 62 62 62 62 62 5 0 0 0 0 0 0 0 0 5 5 5 30 5 30 31 30 31 31 31 31 30 31 56 56 30 56 61 62 62 62 87 87 61 60 30 35 35 35 5 35 35 35 30 35 35 35 35 35 35 35 35 35 5 30 5 5 5 5 5 35 30 5 30 35 35 35 30 35 5 5 5 5 10 10 5 5 5 5 5 35 5 35 5 35 35 35 5 35 5 5 35 5 35 5 5 5 5 
35 35 30 35 35 5 5 35 35 30 5 35 35 35 5 30 35 30 5 30 30 5 30 30 35 35 35 35 30 35 36 60 35 35 30 30 30 30 30 30 5 35 35 5 30 30 60 87 86 86 92 92 92 92 92 87 87 87 87 62 87 62 62 62 62 62 62 62 62 62 62 62 62 36 31 0 0 0 0 5 5 5 30 30 5 30 30 30 30 31 31 31 31 31 30 56 56 56 56 61 62 62 62 62 62 87 61 35 61 35 35 5 35 5 5 35 35 35 35 35 35 35 5 5 5 5 5 5 5 5 5 5 5 5 5 5 35 35 5 5 5 5 5 5 35 35 5 5 5 5 5 35 35 5 35 35 35 30 5 35 5 5 5 35 5 35 5 5 5 5 
30 35 30 35 35 5 30 61 35 30 30 30 5 5 35 5 35 30 5 35 5 36 0 30 30 30 5 35 5 30 35 35 35 35 35 35 35 35 35 5 30 30 5 5 30 61 86 86 86 87 92 93 92 92 92 87 87 87 86 86 61 62 62 62 62 62 62 62 62 62 62 62 62 62 61 31 31 31 30 30 30 30 30 30 30 30 31 31 31 31 31 31 31 61 31 56 30 56 61 62 62 62 62 61 62 62 61 61 35 35 35 5 35 5 36 35 35 35 35 35 30 35 30 5 35 30 5 5 30 35 5 5 5 30 5 5 5 5 5 30 35 5 5 5 30 30 5 5 5 5 5 5 35 30 35 35 35 5 35 35 35 35 35 5 35 5 5 35 5 5 
5 30 35 30 35 30 35 35 30 30 5 5 5 30 30 35 35 30 5 35 35 35 35 35 30 36 36 35 5 30 35 30 30 30 5 30 30 35 30 30 5 5 30 61 87 87 86 86 86 87 92 92 92 92 87 92 87 87 86 61 61 62 62 62 62 62 62 62 62 61 62 62 62 62 62 36 31 31 31 30 31 31 31 31 31 30 30 31 31 31 31 31 31 56 56 30 56 61 61 62 62 62 61 61 61 61 61 61 30 35 35 5 35 35 35 35 30 35 35 35 35 35 35 35 35 35 30 35 30 35 5 30 5 5 5 5 30 35 35 5 5 5 5 5 30 5 30 5 5 35 35 30 10 35 35 5 5 5 30 30 30 30 30 5 5 5 5 5 5 5 
5 5 35 35 35 35 35 35 5 35 35 5 5 5 5 5 30 5 5 35 30 30 30 5 36 36 36 5 5 30 30 35 30 30 30 30 5 36 5 5 5 30 87 87 87 87 86 86 86 87 92 92 92 92 92 87 87 61 86 86 61 61 62 62 62 62 61 61 61 62 61 62 62 62 36 31 31 31 31 31 31 31 31 31 31 31 31 31 31 31 31 31 31 31 56 30 31 61 61 61 62 61 61 61 62 61 61 35 35 35 30 35 35 35 35 35 35 35 35 35 35 5 5 30 30 5 30 35 35 35 30 5 35 5 5 5 5 5 5 5 5 5 5 5 30 5 5 5 35 35 35 5 5 35 5 5 30 5 30 5 30 5 36 5 5 5 5 5 5 5 
30 5 35 35 35 35 30 35 35 35 35 30 5 5 5 5 30 5 0 35 5 30 5 35 35 36 35 30 30 30 35 30 30 30 30 30 35 35 35 36 61 87 87 87 87 87 86 86 86 87 92 92 92 87 87 87 87 87 87 86 61 56 56 56 61 61 61 61 61 61 62 62 62 62 36 36 31 31 31 31 31 31 31 31 31 31 31 31 31 31 31 31 30 30 31 31 31 36 61 61 61 61 61 61 61 61 61 35 35 35 35 35 35 35 35 35 35 35 35 35 35 30 35 5 35 35 35 30 35 35 5 35 5 5 5 35 35 0 5 5 5 5 5 5 5 5 5 5 5 5 5 5 30 5 5 5 5 5 35 5 5 5 36 5 35 5 30 30 5 5 
5 30 30 35 35 30 35 5 35 30 35 5 30 30 30 5 30 5 5 35 5 30 30 35 30 35 35 35 30 30 35 55 60 30 55 30 30 35 30 86 87 87 87 87 87 87 87 86 87 87 92 92 92 87 87 87 87 87 87 87 61 61 56 55 56 61 61 61 61 61 61 62 62 61 62 36 36 31 31 31 31 31 31 31 31 31 36 31 31 31 56 30 30 30 30 30 61 31 61 56 61 61 62 61 61 61 61 35 30 35 35 5 35 5 35 35 30 35 35 35 35 35 35 30 35 35 5 5 35 35 30 35 30 30 5 30 30 5 5 5 5 30 30 5 30 5 30 5 5 5 5 5 5 30 5 35 5 5 35 5 35 5 35 30 5 10 5 35 5 5 
35 35 35 30 5 30 35 5 35 35 60 35 30 30 30 30 30 30 30 35 30 30 30 35 30 35 35 35 35 60 35 55 60 60 61 60 60 61 87 92 92 87 87 87 86 87 86 86 86 87 92 92 87 87 87 87 87 87 87 87 61 61 61 56 56 56 61 61 61 61 61 61 62 62 36 62 61 31 31 31 31 31 31 31 31 31 31 31 31 31 31 31 30 30 31 30 30 31 56 56 61 61 62 62 62 61 61 35 35 35 35 5 35 30 5 35 5 35 35 35 35 30 5 30 35 30 5 5 30 30 35 5 5 30 35 35 5 35 5 5 5 5 5 5 5 5 35 5 5 5 5 35 30 5 5 5 35 5 35 30 35 35 35 30 5 35 35 30 5 35 
35 35 35 35 35 5 35 5 60 35 60 35 35 30 30 30 30 35 60 35 60 60 60 35 35 35 36 35 35 35 35 35 60 61 60 60 87 87 87 87 87 92 87 87 86 86 86 86 86 87 92 92 87 92 87 87 87 87 87 61 61 61 61 55 56 56 31 31 61 61 61 62 62 62 31 62 36 36 31 31 36 31 36 31 31 31 31 31 31 31 31 31 31 31 31 30 30 31 31 56 56 61 62 62 62 61 36 30 35 35 5 5 30 5 5 30 5 5 35 35 35 35 35 35 30 5 5 5 5 35 5 30 30 5 30 5 30 30 5 5 5 5 5 5 5 5 30 5 5 30 30 30 5 5 5 35 35 35 30 5 5 5 35 30 5 5 35 35 30 30 
35 35 30 35 30 35 35 30 35 35 35 35 35 30 30 35 35 35 30 35 55 30 60 60 30 30 35 35 35 30 35 35 60 56 61 92 92 92 87 87 87 87 87 87 87 87 87 86 86 87 92 92 87 87 87 87 87 87 87 62 62 61 61 56 56 55 55 56 61 61 61 61 62 61 61 62 36 36 36 31 31 31 31 36 31 31 31 36 31 31 31 31 31 36 36 31 31 30 30 55 61 61 61 62 62 61 35 30 35 30 5 5 30 5 5 5 5 5 30 5 5 5 5 5 5 5 5 5 5 5 35 30 30 35 5 5 35 30 5 5 5 5 5 5 5 30 5 30 35 5 5 30 5 5 35 5 5 35 35 5 5 5 5 35 35 5 30 35 5 5 
35 35 30 35 30 30 30 35 35 35 35 30 35 35 35 60 30 35 30 35 30 61 61 35 60 30 30 30 30 35 35 35 35 61 92 92 92 87 87 87 87 87 87 87 87 87 87 86 87 87 92 87 87 87 87 87 87 87 87 62 61 62 61 61 56 56 56 56 61 61 61 61 62 62 36 61 31 36 36 31 31 31 31 62 36 36 36 31 36 31 31 31 31 31 31 31 30 30 30 56 31 61 61 62 61 61 35 30 5 5 5 5 5 5 5 5 5 5 5 0 5 5 30 5 5 5 5 0 5 30 35 35 35 36 5 30 5 35 5 5 5 5 5 5 5 5 30 5 5 35 35 35 5 35 35 35 5 35 5 35 35 5 30 5 35 5 30 30 5 35 
35 30 30 30 35 60 35 5 35 30 35 35 30 35 35 35 35 35 30 30 30 61 62 61 30 30 35 5 35 35 35 35 35 92 92 92 92 87 87 87 87 87 87 87 87 87 87 86 87 92 87 87 87 87 87 87 87 87 62 61 62 62 62 61 56 61 56 56 56 61 62 61 62 61 36 31 36 31 36 31 31 36 31 36 31 31 31 31 31 31 31 30 30 30 30 31 30 30 31 61 61 61 61 61 61 61 35 5 5 5 5 5 5 5 5 5 5 5 5 0 5 30 5 30 0 30 30 5 35 35 35 30 30 35 30 30 5 30 5 5 35 35 30 30 5 5 30 5 30 5 35 35 35 35 35 30 5 5 5 5 5 5 5 5 5 5 5 5 5 5 
35 35 35 30 30 35 35 5 35 35 35 30 30 35 30 30 35 35 30 35 30 35 30 30 30 30 30 36 61 35 35 35 61 92 92 92 92 92 87 87 87 87 87 87 87 87 86 86 87 92 92 87 87 87 87 87 87 87 62 87 62 87 61 56 61 61 56 56 56 61 62 62 62 36 31 36 36 36 31 31 31 36 36 36 36 31 31 36 31 31 31 31 30 30 30 30 30 30 31 61 61 61 61 61 61 61 5 5 5 5 30 5 5 5 35 5 5 30 5 5 5 30 5 0 30 30 30 0 5 5 5 5 35 30 5 5 5 35 5 30 36 30 36 36 5 35 35 30 30 5 35 35 35 35 35 35 35 5 5 5 30 5 5 5 5 5 5 5 5 5 
35 5 35 30 30 30 5 30 35 30 35 30 35 30 30 35 35 30 30 35 35 61 55 35 61 61 30 5 30 30 35 60 92 92 92 92 92 87 86 87 87 87 92 87 87 86 86 86 87 87 87 87 87 87 87 87 87 87 87 87 62 61 61 61 62 61 56 56 61 61 62 62 62 61 61 31 31 36 31 31 31 36 36 61 31 31 31 36 36 31 31 31 30 30 30 30 30 30 31 56 61 62 61 61 36 30 0 5 5 5 5 5 0 5 5 5 5 30 5 5 30 30 30 5 30 61 30 5 5 0 0 5 5 30 5 35 5 35 35 35 30 30 35 35 35 30 35 35 35 60 35 35 35 36 35 35 10 35 30 30 35 35 5 5 5 5 5 5 5 5 
35 35 35 30 35 30 30 30 30 30 30 30 60 30 35 35 35 30 35 30 56 30 30 61 35 30 5 30 5 30 35 86 92 92 92 92 87 87 87 87 87 87 87 87 87 87 87 86 87 87 92 87 87 87 87 87 87 87 87 62 62 61 61 62 62 61 56 56 61 61 61 62 62 62 36 36 36 36 31 31 36 36 36 36 36 36 36 31 36 36 31 30 31 30 30 30 31 30 31 61 61 61 61 61 61 30 5 5 5 5 5 5 5 30 5 5 5 30 30 35 5 5 30 35 35 5 5 30 5 5 5 5 30 35 35 35 30 30 30 5 0 30 35 5 30 35 35 35 35 35 35 35 35 36 36 5 5 35 5 5 5 5 5 5 5 35 35 5 5 5 
5 5 35 30 35 35 30 35 30 5 30 30 35 35 30 30 30 35 35 30 61 35 30 30 35 30 5 30 30 30 35 86 92 92 92 92 92 87 87 87 86 87 87 87 87 87 87 86 87 87 87 87 87 87 87 87 87 87 61 62 61 61 62 62 62 56 61 61 61 61 61 62 62 62 36 61 36 31 61 31 36 61 31 36 36 31 36 36 36 31 31 30 30 30 30 30 31 31 31 61 61 31 61 61 61 30 5 30 5 30 5 5 30 30 35 5 5 5 30 5 5 5 5 5 0 5 30 5 30 30 30 35 35 35 35 61 35 35 30 5 30 5 5 5 5 35 35 35 35 35 35 35 35 5 36 30 30 35 35 5 5 5 5 5 5 35 5 5 5 5 
5 30 30 30 35 30 5 35 0 5 30 30 30 61 5 35 35 35 35 35 35 30 30 61 35 35 30 30 30 30 30 87 92 92 92 92 92 87 87 87 87 87 87 87 87 87 87 86 87 87 87 87 87 87 87 87 87 62 87 62 61 61 62 62 61 61 61 62 61 61 31 62 62 62 62 62 61 36 36 61 36 36 61 31 31 61 31 36 36 36 31 31 30 31 31 31 30 61 31 56 31 61 61 61 35 5 5 30 5 5 30 5 30 35 30 5 0 5 5 35 5 30 30 5 5 5 5 30 35 30 35 5 35 5 30 35 35 35 30 30 5 30 35 30 35 5 35 5 35 30 35 30 5 5 5 35 35 5 5 30 5 5 5 5 30 35 30 5 5 5 
35 35 5 30 30 35 30 35 30 30 30 30 35 36 30 35 5 35 35 35 35 61 30 30 35 30 30 30 30 5 35 87 92 92 92 92 92 87 86 87 87 87 87 92 87 87 87 87 87 87 87 87 86 87 87 87 87 87 87 62 61 62 61 62 62 61 61 62 62 61 61 62 62 62 62 62 36 36 31 61 36 36 62 36 36 36 61 31 36 36 36 31 31 30 31 36 61 31 61 61 61 56 61 61 35 5 5 0 30 5 5 35 5 30 30 0 5 5 5 35 35 35 35 35 5 30 0 30 35 35 35 5 30 35 35 35 35 30 35 35 30 5 30 35 35 35 35 5 30 5 35 30 5 5 5 5 5 5 5 30 5 5 5 5 30 5 5 5 30 5 
35 35 30 35 30 30 5 5 5 30 35 35 36 30 30 30 5 35 5 30 61 35 60 35 35 35 30 30 30 30 61 87 92 92 92 92 92 92 92 87 87 87 87 87 87 87 87 87 87 87 87 86 87 87 87 87 87 87 62 62 62 61 62 61 62 62 62 62 62 61 61 62 62 62 62 61 61 36 31 36 61 61 36 36 61 61 36 31 31 36 36 31 31 31 31 36 61 61 61 31 61 61 61 36 35 5 35 5 35 35 35 35 35 35 30 5 30 5 30 35 5 35 35 35 35 5 30 35 35 35 30 30 60 35 35 5 5 30 5 30 30 60 30 35 35 30 35 5 5 35 5 5 5 5 5 5 35 5 0 0 30 5 5 5 5 5 5 5 30 30 
30 30 30 30 30 35 30 5 30 30 35 35 36 35 35 35 35 5 30 35 60 30 30 35 30 35 30 30 30 30 86 87 87 93 93 93 93 92 92 87 87 87 87 87 87 87 87 87 87 87 87 86 87 87 87 87 62 62 62 62 62 62 62 61 62 62 62 62 62 62 62 62 62 62 62 62 36 62 36 61 62 62 36 61 36 36 36 36 31 61 36 31 36 31 31 36 61 61 61 61 61 61 62 36 30 35 35 35 35 30 30 35 30 30 30 35 5 5 30 30 5 35 35 5 35 35 35 35 36 30 30 35 30 35 30 30 5 5 30 5 35 30 35 30 35 35 35 35 35 35 30 35 30 5 5 0 5 5 0 0 5 5 5 5 5 30 30 30 30 5 
35 5 35 30 30 5 35 35 35 35 30 36 35 30 30 35 5 35 30 35 35 30 5 35 30 35 35 30 30 30 86 87 92 92 93 93 93 93 92 87 87 87 87 87 87 87 87 87 87 87 87 86 86 87 87 62 87 62 87 62 62 62 62 62 62 62 62 62 62 62 62 61 62 62 62 62 61 62 61 61 61 61 62 61 62 62 62 36 36 31 61 31 31 36 31 61 61 61 36 61 61 62 61 61 35 35 30 5 35 30 5 35 35 35 35 35 35 35 35 30 30 35 5 30 35 35 35 30 35 30 35 30 30 35 35 5 30 35 35 5 30 35 35 30 30 30 35 35 30 35 30 30 30 30 5 5 0 35 0 0 5 30 30 5 5 5 30 5 5 36 
30 30 35 35 35 35 30 30 35 35 35 36 30 35 35 5 30 35 35 35 30 60 35 35 35 35 30 30 61 55 86 87 92 92 93 93 93 93 92 92 87 92 87 92 92 87 87 87 87 87 87 86 86 86 87 62 62 62 62 62 62 62 62 62 62 62 62 62 62 62 62 62 62 62 62 62 61 62 62 36 61 62 62 62 62 36 62 36 36 36 36 36 31 61 31 31 61 61 36 62 36 36 61 36 30 5 30 5 35 35 35 35 30 35 35 35 35 35 35 35 35 30 35 30 35 35 30 30 35 35 61 35 35 35 5 35 35 30 35 35 35 30 30 30 30 30 30 30 30 30 30 35 30 5 5 5 5 30 35 5 5 5 5 5 30 5 30 30 35 30 
5 30 35 35 35 30 30 35 35 35 30 35 35 30 30 35 30 35 5 5 5 5 30 30 30 30 5 5 5 30 86 86 87 87 92 93 93 93 93 87 87 87 87 87 87 87 87 87 87 87 87 87 86 61 61 87 62 62 62 62 62 62 62 62 62 62 62 62 62 62 62 62 62 62 62 62 62 62 62 62 61 62 62 62 62 36 36 37 31 36 36 36 36 36 36 36 36 36 36 61 36 61 61 36 35 35 30 30 30 5 35 35 35 30 35 35 30 30 35 35 35 35 5 30 35 35 30 35 35 35 61 35 35 30 30 35 35 35 35 35 35 35 35 30 30 30 30 35 35 35 30 30 30 30 35 30 5 5 30 30 5 30 30 5 30 5 30 35 30 30 
5 5 30 35 35 5 30 30 35 30 30 35 30 5 30 30 35 30 30 30 35 30 30 60 35 30 55 35 35 60 86 86 86 92 92 93 93 93 93 92 92 87 86 86 87 87 87 87 87 87 87 87 86 61 87 61 62 62 62 62 62 62 62 62 62 36 36 31 31 31 62 62 62 62 62 62 62 62 36 36 62 36 62 62 62 62 36 62 61 36 62 31 31 36 36 36 36 62 36 31 31 61 36 35 35 5 5 5 30 5 35 35 35 35 35 30 5 30 30 35 5 30 30 30 35 5 35 61 35 36 35 35 30 30 35 35 30 30 30 35 30 35 30 30 30 30 30 35 30 35 5 30 5 35 35 30 0 30 30 30 30 5 5 35 30 30 30 30 5 35 
5 5 30 35 35 30 30 30 30 35 35 30 35 5 30 30 30 5 35 30 30 30 30 35 30 35 35 30 30 86 86 86 61 87 92 93 93 93 93 92 87 87 86 87 87 87 87 87 87 87 87 87 86 86 61 62 62 62 62 62 62 62 36 36 31 31 31 31 31 31 61 61 62 62 62 62 62 62 62 36 62 62 62 62 62 61 36 62 36 62 62 31 62 36 36 31 31 31 31 31 31 61 30 36 30 5 5 5 30 30 30 30 35 35 35 5 35 35 30 30 30 30 35 30 30 30 35 61 35 35 35 30 35 35 30 30 35 30 30 60 60 5 30 30 30 30 30 35 5 35 30 5 5 35 5 30 30 30 35 30 35 5 35 35 35 30 30 30 35 35 
61 30 30 30 30 30 30 35 30 35 35 35 5 5 5 5 5 5 30 5 5 30 35 35 35 35 30 5 30 87 86 86 87 86 87 87 92 93 93 92 92 87 86 86 87 87 87 87 87 87 87 87 86 61 61 87 62 62 62 62 62 61 31 31 31 31 31 36 31 31 61 61 61 62 62 62 62 62 62 62 62 36 36 62 62 62 36 62 36 36 36 36 31 31 36 31 31 31 31 31 61 61 30 5 35 5 30 30 36 35 5 5 30 30 35 30 30 35 30 35 30 30 35 30 30 35 30 35 30 30 35 30 30 5 30 30 30 30 30 35 30 30 35 30 30 30 30 35 30 30 35 30 5 0 5 30 30 5 30 30 35 30 35 30 30 30 5 30 30 35 
5 30 5 30 30 5 30 35 5 35 35 30 5 30 30 5 5 5 30 35 30 30 30 30 35 30 35 30 30 87 86 86 87 87 87 92 92 92 93 93 92 87 86 86 87 87 87 87 87 87 87 87 86 86 86 86 61 62 62 61 61 30 31 30 30 31 31 36 31 31 36 31 36 62 62 62 62 62 61 62 62 62 62 62 62 62 36 62 61 61 36 36 36 31 31 31 31 30 31 56 56 61 30 0 5 5 5 30 30 5 5 30 30 35 30 5 30 30 30 35 5 30 35 30 30 30 30 60 35 30 30 36 61 30 5 30 30 5 30 36 36 30 35 5 30 30 30 36 35 30 5 31 35 0 5 30 30 5 5 35 30 30 5 5 30 30 30 30 35 30 
5 5 30 35 35 35 5 35 35 35 35 30 35 61 35 30 30 5 5 30 35 30 30 30 30 35 30 35 86 86 86 86 87 87 92 93 93 92 93 93 93 62 86 87 87 87 87 87 87 87 87 61 86 86 61 86 61 62 61 56 30 31 31 31 31 30 30 36 31 31 30 31 31 62 62 62 62 61 62 62 62 62 62 62 62 62 62 36 36 62 36 31 30 30 30 30 30 30 30 30 31 61 30 5 36 30 35 30 5 5 0 5 5 5 30 5 30 5 35 5 35 35 30 35 35 30 35 35 35 30 30 30 35 30 35 30 30 35 30 35 5 30 5 30 30 30 35 35 5 5 5 5 30 5 0 5 5 5 5 30 30 5 5 5 5 30 30 5 35 30 
35 0 35 5 5 30 5 30 35 35 35 35 30 5 35 30 5 5 36 30 5 5 30 30 35 5 5 61 87 86 86 86 87 87 87 92 92 92 92 93 93 62 86 87 87 87 87 87 87 87 87 86 61 61 61 61 61 56 61 56 30 56 31 30 30 30 30 31 31 31 30 31 31 61 62 62 62 61 62 62 62 62 62 62 62 62 62 61 62 36 62 31 30 30 30 30 30 30 30 30 30 61 30 30 35 30 5 30 36 35 0 5 5 30 5 35 5 30 30 35 30 35 35 30 30 35 30 30 35 30 30 35 30 35 30 30 5 35 30 30 30 30 30 61 5 5 35 30 5 30 5 5 5 5 5 5 5 5 5 35 30 30 5 5 5 30 30 5 35 35 
35 30 35 30 5 30 30 35 5 30 35 35 5 5 35 35 30 35 30 5 5 35 35 5 30 5 61 92 87 86 86 86 86 87 92 87 87 87 87 87 87 87 87 87 86 87 87 87 87 87 61 86 61 56 61 61 56 61 61 56 56 30 56 30 30 30 30 0 30 31 31 31 31 31 62 36 62 61 62 62 62 62 62 62 36 62 62 36 61 31 30 30 30 30 30 30 30 30 30 30 56 30 30 30 30 5 30 30 30 30 5 35 5 30 5 30 30 30 5 5 30 35 30 35 5 35 35 5 35 35 35 35 30 35 5 5 35 35 30 30 30 30 5 35 5 30 5 30 5 5 35 5 30 61 5 0 5 5 30 5 5 5 30 5 5 0 30 35 35 5 
35 35 35 5 5 5 5 5 5 35 5 30 30 30 5 30 30 30 30 35 30 35 35 36 35 61 92 92 87 86 86 86 86 87 92 87 87 87 62 62 62 87 87 86 86 86 86 87 87 87 61 61 61 61 56 56 56 56 56 56 56 30 56 30 30 30 30 30 30 30 30 31 31 31 36 62 62 62 62 62 62 62 62 62 62 36 62 31 30 30 30 5 5 0 0 30 30 25 30 30 61 30 0 5 5 5 5 5 0 30 5 35 30 30 5 5 5 30 5 5 5 5 5 5 30 30 30 5 5 30 30 5 35 5 5 5 30 35 30 36 30 30 30 5 5 30 35 5 5 5 5 30 30 36 36 0 5 5 35 30 5 5 5 30 30 35 35 35 30 5 
35 35 61 60 35 35 5 5 5 30 60 30 5 35 5 35 35 5 30 35 35 35 35 35 30 60 87 87 87 86 86 86 86 87 87 87 62 87 62 87 62 62 87 87 86 87 87 86 87 86 87 86 61 61 56 56 55 56 55 55 55 56 30 31 31 30 30 30 30 30 31 31 31 36 31 36 62 62 62 62 62 62 62 36 62 31 36 30 30 30 5 30 5 30 30 30 25 30 30 30 56 30 30 5 5 30 5 5 0 5 30 30 5 5 35 30 5 35 30 5 30 5 5 5 5 5 30 30 35 35 5 5 5 5 5 5 5 5 30 35 30 30 5 5 30 30 30 30 30 30 5 5 30 5 5 35 30 30 30 5 30 5 30 5 5 35 5 30 30 5 
35 30 5 5 30 30 5 30 35 5 5 36 30 35 30 30 35 35 5 35 35 30 35 35 35 86 91 87 87 86 86 86 86 87 87 87 87 62 87 87 62 62 62 62 87 61 61 87 87 86 87 61 61 61 61 56 56 55 55 55 30 61 30 61 31 31 30 30 30 25 30 36 31 31 31 36 36 62 62 36 62 62 31 36 36 31 31 30 30 30 0 30 0 25 25 30 30 30 30 30 56 30 30 35 5 5 5 35 0 5 5 5 5 5 5 35 0 5 30 5 30 5 5 5 30 35 5 5 30 30 5 5 5 5 5 5 5 5 5 30 30 61 5 5 5 5 30 0 30 0 30 5 30 36 30 30 30 35 5 35 5 30 35 35 35 30 36 5 30 5 
30 5 5 5 5 5 30 5 5 30 5 35 30 30 5 5 30 5 5 5 35 30 35 35 61 92 87 87 87 87 86 81 86 86 87 87 87 87 62 56 61 56 61 62 87 61 87 61 61 87 61 61 61 61 61 56 55 55 55 55 56 56 30 30 30 30 30 30 25 0 31 31 31 31 36 36 31 36 36 36 31 36 31 31 36 31 31 30 0 0 0 0 0 25 30 25 30 30 30 56 61 5 30 35 5 5 30 5 0 5 5 5 5 30 5 35 5 30 30 35 5 35 5 30 5 30 30 35 5 30 5 30 30 5 5 5 30 35 30 35 5 36 36 5 30 30 5 30 35 30 30 0 30 5 30 30 35 36 5 0 35 35 30 5 35 35 35 60 30 30 
35 30 5 5 5 5 30 5 30 35 30 30 5 30 5 0 30 30 35 35 5 5 30 35 61 91 92 87 87 87 86 55 86 86 87 87 87 62 93 92 87 62 61 56 62 61 61 87 61 87 87 87 61 61 61 61 56 55 55 30 30 30 31 56 30 30 30 30 30 30 30 31 31 36 36 36 36 36 36 36 36 31 31 36 31 31 31 0 0 0 25 25 25 25 25 25 30 30 30 30 30 0 30 30 5 0 30 30 5 0 5 5 5 5 30 30 30 30 5 30 35 30 35 5 5 5 5 30 5 5 30 5 5 0 5 0 36 0 0 30 5 5 30 30 30 30 5 30 30 61 30 35 35 30 30 35 30 35 35 5 35 30 0 30 35 30 35 30 35 30 
5 5 5 61 5 5 30 35 35 30 30 5 5 30 0 30 5 5 35 30 35 35 30 35 61 61 87 87 87 86 86 55 55 86 61 87 62 93 93 93 92 87 62 61 56 31 61 61 61 87 61 61 61 61 61 62 61 56 55 30 30 30 56 30 30 56 30 30 30 30 30 31 31 31 36 36 36 36 36 36 36 36 36 36 31 31 30 0 0 0 0 25 30 30 30 30 30 30 30 30 0 5 5 35 30 5 5 5 5 5 0 5 5 5 35 30 35 36 5 30 31 30 5 5 5 30 0 0 5 30 5 5 5 5 30 5 5 0 5 5 5 30 30 5 35 30 30 30 30 5 30 30 30 30 5 5 30 30 30 30 5 5 30 30 5 30 35 35 5 30 
30 30 30 35 5 35 35 35 30 5 30 5 36 61 35 35 35 30 30 66 35 30 5 61 61 87 87 87 87 86 86 86 55 56 86 61 93 93 93 93 92 62 62 61 30 30 31 56 56 61 61 61 61 61 61 62 62 61 56 30 30 56 30 30 30 31 30 30 30 30 0 30 31 31 36 36 36 36 31 36 62 36 36 36 31 30 0 0 0 0 0 30 30 30 30 30 30 30 30 30 30 5 30 5 35 5 5 5 5 5 0 5 5 5 5 5 30 30 30 30 5 5 5 5 0 5 30 30 5 30 5 5 5 5 5 0 30 30 36 5 5 5 0 5 61 35 30 60 30 5 30 30 30 5 30 30 5 35 30 0 30 5 30 5 0 5 30 5 30 5 
30 5 5 5 35 5 35 5 30 30 5 5 35 5 30 30 35 35 35 35 35 35 5 60 60 61 86 86 86 86 86 56 55 55 55 61 93 93 93 93 92 92 87 62 56 30 0 25 56 62 62 61 61 61 56 56 62 62 61 56 30 56 55 56 30 31 30 30 30 30 30 0 31 31 31 36 31 36 36 31 36 36 36 31 31 0 0 0 0 0 30 30 30 30 30 30 31 31 30 5 0 30 5 0 0 30 0 5 0 0 5 30 5 30 30 5 5 30 30 35 30 0 5 5 5 5 36 30 30 30 30 5 0 0 5 5 5 5 5 30 5 5 5 30 5 30 30 30 30 30 30 30 5 30 30 30 35 30 30 5 35 0 30 5 30 36 5 5 5 30 
30 61 30 35 61 35 35 30 30 30 30 5 35 5 30 30 30 35 30 61 30 35 30 35 35 0 30 30 55 61 61 55 55 25 56 86 93 93 93 93 92 92 92 87 56 30 0 0 25 61 56 61 61 61 56 61 61 62 62 62 56 55 56 30 56 56 56 30 31 30 30 0 30 31 31 36 31 31 31 31 31 36 36 31 30 0 0 0 0 30 30 30 30 30 30 30 31 56 31 5 30 0 30 0 0 0 0 0 0 0 5 5 30 5 30 0 35 30 30 30 0 30 30 30 30 5 5 5 0 5 0 0 0 0 0 5 5 30 5 5 30 30 5 5 5 30 30 30 30 30 35 5 0 30 5 5 5 61 35 36 30 5 30 30 5 5 30 5 5 30 
30 30 35 35 35 30 5 30 30 35 5 35 5 5 5 5 5 35 66 35 35 5 30 35 30 30 35 30 0 30 30 30 30 55 86 92 93 93 93 93 93 92 87 62 62 30 0 0 0 61 31 31 56 61 61 61 61 62 62 62 62 62 61 56 30 30 31 31 31 30 30 0 0 30 31 31 31 31 31 31 31 31 36 31 0 0 5 30 30 30 30 30 30 30 30 30 31 36 31 5 5 31 5 30 30 0 0 5 5 5 36 30 30 30 5 5 5 5 5 5 5 0 30 0 30 5 0 5 30 5 0 0 0 0 5 0 5 0 5 5 5 30 30 5 30 5 5 30 30 30 30 5 35 30 55 30 35 30 30 35 30 30 30 5 5 30 5 5 5 0 
30 66 35 30 35 35 35 30 30 5 5 5 30 5 35 35 5 35 5 35 0 5 35 35 5 5 5 30 30 35 30 30 30 30 56 93 93 93 93 93 93 92 62 62 31 0 31 0 0 62 0 31 36 61 61 31 31 62 62 62 62 62 62 62 61 61 31 31 31 30 5 0 0 0 30 31 31 31 31 30 31 31 31 31 0 0 30 30 30 30 31 31 30 30 30 31 36 36 31 5 5 0 30 5 0 0 0 0 0 30 30 0 5 5 5 0 5 0 0 30 30 0 36 30 30 30 0 5 0 5 30 5 35 0 5 5 5 5 0 5 5 30 30 5 5 30 30 35 30 35 30 0 61 60 35 35 5 5 30 0 5 30 5 30 5 30 0 5 5 30 
30 35 35 5 5 5 5 5 35 5 35 5 5 35 30 35 5 35 35 0 0 35 5 5 30 35 30 30 0 5 30 0 5 61 55 93 93 93 93 93 93 93 87 62 62 0 0 0 0 30 0 36 5 5 30 56 30 62 62 62 62 62 62 62 62 61 36 31 30 30 5 0 0 0 0 30 31 30 30 5 30 31 0 0 0 5 30 31 31 31 31 36 36 36 36 36 37 37 36 5 30 5 30 5 0 30 5 0 30 0 30 0 30 5 0 5 5 30 5 0 35 30 30 5 5 0 0 5 5 5 5 30 36 30 0 0 30 5 31 30 5 30 30 30 30 5 30 5 0 30 5 60 56 25 35 35 35 30 5 35 5 5 30 0 5 0 5 5 5 30 
35 30 30 35 5 30 35 30 35 30 30 30 35 5 30 0 5 30 5 5 30 0 30 30 35 30 30 5 0 0 5 0 30 30 5 93 93 93 93 93 93 87 87 93 62 0 30 30 0 30 0 30 0 5 5 56 61 62 62 62 62 62 62 62 61 36 31 31 30 5 0 0 0 0 0 0 0 0 30 5 0 0 0 0 0 30 31 31 30 31 36 36 36 31 36 37 37 62 0 5 0 0 30 0 0 5 30 5 0 0 0 0 5 5 30 30 5 30 30 5 5 5 5 5 0 0 30 30 0 5 30 36 30 30 30 0 0 5 5 5 35 30 30 35 30 5 30 30 5 35 5 55 30 61 0 35 60 5 61 0 5 0 5 30 30 25 30 30 5 30 
30 30 5 5 5 5 61 30 30 0 0 5 5 30 30 35 61 5 5 5 5 30 30 30 35 30 30 5 0 5 30 0 30 5 62 93 93 93 93 93 93 92 87 93 36 0 30 61 0 5 5 5 30 5 5 30 61 62 92 62 62 62 62 62 36 31 31 30 5 0 0 0 0 0 0 0 0 0 0 0 0 0 0 0 0 5 31 31 31 36 36 36 36 36 36 62 62 62 5 5 5 0 5 0 5 0 5 5 0 5 0 5 5 5 5 5 5 35 0 30 5 5 30 0 0 0 5 0 30 0 30 0 35 30 5 5 30 30 30 35 30 30 30 30 30 5 35 30 36 0 5 30 0 0 0 30 35 30 30 30 30 30 35 30 30 25 0 5 5 35 
30 30 30 5 5 30 30 35 30 0 0 35 0 5 5 5 35 0 5 5 30 30 61 30 35 35 5 30 5 5 0 62 30 0 93 93 93 93 93 93 87 87 62 87 31 30 0 0 35 0 0 5 5 5 5 30 62 62 92 62 62 62 62 62 62 36 31 31 30 30 0 0 0 0 0 0 0 0 0 0 0 0 0 0 0 0 31 61 62 62 62 62 36 36 62 62 62 62 31 5 5 61 0 0 30 5 0 30 5 5 0 5 5 30 30 30 5 30 30 30 5 5 0 36 30 30 30 0 0 0 30 30 30 35 30 30 30 5 30 30 30 30 30 35 30 30 30 30 30 0 0 0 0 25 0 30 30 30 30 5 30 0 0 30 30 30 0 0 30 35 
5 5 30 35 30 5 5 30 30 30 30 35 30 30 30 35 35 5 0 5 35 30 35 35 5 30 5 35 35 30 30 0 30 0 93 62 93 62 62 61 56 56 31 56 30 31 0 30 30 0 0 0 5 0 5 30 31 62 92 92 62 62 62 62 62 36 31 31 31 30 0 0 0 0 0 0 0 0 0 0 0 0 0 0 0 0 31 31 62 62 62 62 62 62 62 62 62 62 62 30 5 5 0 30 30 0 5 5 30 5 30 5 5 30 5 30 30 30 30 5 0 0 30 30 5 30 0 0 25 30 61 30 30 30 35 30 30 0 30 30 30 30 30 5 30 30 36 30 30 0 0 0 30 25 30 30 30 0 30 30 30 30 30 30 25 0 30 30 35 35 
5 5 30 35 30 5 5 30 5 5 30 0 35 0 5 5 30 30 30 0 5 5 30 5 30 35 30 35 30 36 61 5 5 31 62 30 87 62 0 31 0 0 30 0 30 30 30 30 30 5 5 0 5 5 5 0 0 61 93 93 92 92 67 62 62 62 62 31 31 31 0 0 0 0 0 0 0 0 30 0 0 0 0 0 0 0 31 62 62 62 62 62 62 62 62 62 31 67 68 30 5 5 30 5 30 30 30 5 30 30 5 5 5 30 5 30 30 30 30 30 30 30 0 30 30 30 30 30 30 30 30 25 30 30 30 30 30 30 35 30 30 5 35 60 30 35 35 5 5 5 0 31 0 0 30 5 30 30 30 0 30 30 30 60 30 30 30 5 5 30 
5 35 30 5 0 0 35 30 0 5 30 0 5 30 30 30 30 5 5 35 30 30 30 36 30 35 30 30 35 30 30 5 30 61 0 31 30 30 0 30 0 0 0 0 0 0 30 5 30 35 5 0 5 0 5 5 30 61 93 93 93 93 92 62 62 62 62 31 31 30 0 0 0 0 0 0 0 0 0 0 0 0 0 0 0 0 36 62 62 62 62 62 62 62 62 62 5 61 68 30 0 0 5 30 61 30 5 5 35 0 30 5 30 30 30 30 30 5 35 5 25 25 61 30 0 56 30 30 30 30 25 30 30 30 30 30 5 30 30 30 30 30 30 30 5 30 30 30 30 0 0 25 56 0 30 61 30 30 56 25 30 30 30 30 30 30 61 30 30 30 
35 35 30 5 30 5 35 5 5 0 30 35 5 30 35 30 35 5 30 35 30 30 30 5 30 30 5 30 5 30 5 5 30 30 30 30 0 0 0 0 30 0 0 30 0 0 0 35 35 5 5 5 5 5 5 35 5 31 62 93 93 87 87 62 62 62 62 31 31 31 30 0 0 0 0 0 0 0 0 0 0 0 0 0 0 0 36 62 62 62 62 62 62 62 62 62 5 31 68 62 5 0 5 30 5 30 5 5 5 30 30 30 5 30 30 5 0 30 35 30 30 30 35 0 30 56 25 25 31 25 30 30 30 30 30 30 30 30 30 30 5 5 30 30 35 30 30 5 30 30 5 30 30 61 61 5 5 0 36 30 61 0 30 30 30 61 30 36 30 30 
5 5 5 5 5 30 5 5 5 5 5 35 5 5 5 30 5 5 35 36 30 30 5 30 30 30 30 30 30 5 5 5 36 0 30 30 30 30 30 5 5 0 5 5 5 36 5 0 60 5 5 0 0 35 61 30 30 30 31 62 93 92 87 62 62 62 62 36 36 31 31 0 0 0 0 0 0 0 0 0 0 0 0 0 0 0 37 62 62 62 62 62 62 62 67 62 30 67 67 67 67 0 0 5 30 30 31 0 5 5 30 5 30 30 0 5 30 30 5 5 0 36 30 0 30 0 0 30 30 56 30 0 30 30 0 5 5 30 30 30 5 30 30 30 30 5 5 30 5 30 30 30 30 30 30 5 30 35 5 30 61 0 0 0 30 30 30 30 30 30 
5 5 5 35 5 30 5 35 30 35 30 5 5 5 30 30 30 5 0 5 35 5 5 5 5 30 30 30 5 35 5 5 5 5 5 0 30 30 0 30 5 0 5 30 5 0 5 5 5 5 5 5 5 30 36 30 5 30 30 62 62 62 62 62 62 61 61 61 61 31 31 0 0 5 0 0 0 0 5 0 0 5 0 0 0 30 62 30 62 62 62 62 62 62 62 67 5 62 62 93 68 68 30 5 30 30 30 30 30 5 5 5 30 30 5 30 30 5 0 5 30 0 0 0 0 0 56 56 61 61 0 30 30 30 25 30 0 30 5 0 30 30 5 30 30 30 30 30 35 30 30 30 30 0 5 5 36 5 30 30 0 0 30 30 30 30 5 66 30 30 
5 0 0 30 0 35 5 5 5 30 30 5 35 35 35 5 30 5 0 5 5 35 5 5 30 5 5 30 5 5 30 5 5 5 5 5 30 30 35 35 30 35 30 5 30 5 5 35 5 5 5 5 5 5 0 5 30 30 30 61 62 31 92 92 62 61 61 61 56 31 31 5 5 0 0 0 31 0 0 5 0 0 5 5 31 36 36 30 30 62 36 61 62 36 30 61 5 31 30 62 62 93 30 30 30 5 30 5 0 31 5 0 5 5 5 5 0 30 30 30 0 30 0 0 31 0 30 61 56 30 31 0 0 25 30 30 30 0 0 0 30 30 30 5 0 30 5 5 5 5 35 30 30 5 0 5 30 5 5 5 30 36 30 5 56 87 30 30 35 30 
5 0 5 5 30 5 30 5 35 30 5 30 5 5 30 5 5 35 0 5 5 5 5 30 30 5 5 5 5 5 5 5 5 0 5 5 0 30 5 35 5 35 30 5 5 5 30 5 30 5 30 35 5 0 0 0 5 30 30 62 31 56 92 62 62 61 62 61 36 31 62 31 0 5 0 0 0 0 5 5 0 5 5 0 0 5 30 35 36 35 5 67 62 30 30 62 5 30 61 36 67 30 67 30 5 0 5 5 5 0 5 30 5 5 5 5 5 30 5 30 5 35 0 0 0 0 0 25 0 25 0 0 30 61 30 5 30 30 30 0 5 30 30 31 30 0 30 0 5 5 0 5 5 0 0 36 0 5 5 35 30 36 0 30 30 61 30 30 30 30 
5 30 30 5 0 5 30 5 30 5 30 30 5 5 5 5 30 35 5 30 30 5 30 5 5 5 5 5 30 0 5 5 5 30 5 30 5 30 5 30 5 30 5 5 0 5 30 30 30 5 0 30 0 30 5 5 5 0 30 5 62 61 62 62 62 62 5 30 35 36 61 30 30 30 0 0 36 5 30 30 30 5 5 5 5 5 5 36 5 5 5 36 36 35 30 30 5 36 5 36 31 61 62 5 5 5 5 0 5 0 5 5 30 31 30 5 30 0 30 30 5 0 31 36 30 30 25 25 30 31 30 30 25 30 0 30 61 56 30 56 0 31 30 30 30 30 30 5 30 0 5 5 36 0 30 0 30 0 30 0 30 5 30 30 5 30 35 35 35 30 
5 5 0 5 5 5 5 5 5 30 5 35 5 5 5 5 5 5 5 5 5 5 5 5 5 5 30 5 30 36 35 5 30 5 5 0 5 5 5 5 5 35 5 5 5 5 5 5 5 5 30 5 0 0 0 0 0 0 5 31 30 30 61 61 61 36 30 30 30 30 30 30 5 30 5 5 0 5 5 5 5 5 5 5 5 5 5 5 30 5 5 5 5 5 5 30 5 35 5 5 67 62 61 30 5 5 5 5 0 5 5 0 0 0 5 5 30 30 5 5 30 35 5 31 30 30 30 0 0 31 5 0 0 5 61 30 30 30 61 36 36 36 36 30 30 36 0 30 30 5 30 5 61 30 36 30 30 60 0 30 30 30 30 0 30 5 35 30 30 30 
5 5 0 30 30 5 5 5 5 30 5 35 5 5 35 30 5 5 0 30 5 0 0 0 5 5 5 5 5 30 5 5 30 5 0 5 5 5 5 30 35 5 5 5 5 5 5 35 30 5 36 5 0 0 0 0 0 0 0 5 5 30 36 62 62 30 5 5 35 5 30 5 5 30 5 30 5 5 5 5 5 5 5 5 5 5 5 5 5 5 5 30 5 5 5 30 30 30 5 66 36 5 35 30 5 5 5 5 0 35 30 0 30 5 5 30 30 5 5 5 5 5 36 36 5 30 36 31 30 36 30 30 25 61 30 5 30 30 60 0 35 0 0 31 30 0 30 30 30 35 30 61 35 36 5 30 30 30 30 5 35 5 5 30 5 5 5 35 35 30 
5 5 5 5 30 0 5 30 0 5 5 5 30 5 30 5 0 30 5 5 35 5 0 0 5 0 0 5 5 36 30 30 30 61 5 5 0 5 5 5 30 5 5 5 5 5 5 5 0 5 5 0 0 0 0 0 0 0 0 5 0 5 30 36 30 5 5 5 30 30 5 30 5 30 5 35 5 5 5 5 0 5 5 0 5 5 5 5 0 0 35 5 5 30 5 5 0 5 30 5 5 5 30 5 5 5 5 30 30 0 5 30 0 30 35 0 5 5 5 5 5 30 30 5 31 36 35 35 30 0 5 30 30 30 30 30 5 30 30 30 30 30 30 36 30 30 0 30 0 35 5 30 5 5 30 35 30 5 5 36 36 35 35 35 5 5 5 35 30 35 
5 0 5 5 5 5 5 5 5 5 36 5 30 30 30 5 0 0 5 5 5 0 0 0 5 0 5 5 5 35 5 5 5 30 0 5 5 30 5 30 5 0 5 0 5 5 36 5 5 30 5 5 0 0 0 36 0 0 0 0 5 30 5 5 30 0 5 30 30 5 30 30 30 5 5 5 35 5 5 5 0 5 30 5 5 5 5 5 5 0 5 30 5 5 0 5 0 0 5 0 5 5 5 0 5 0 5 0 0 0 30 5 30 5 5 5 30 5 5 5 30 5 5 36 35 5 30 30 5 5 5 5 5 30 30 30 36 30 30 35 35 30 30 36 30 31 30 30 30 30 5 35 30 61 30 5 30 30 30 30 0 30 5 5 30 5 5 5 30 30 
0 5 5 0 5 30 5 0 0 0 0 5 5 5 5 0 0 0 0 30 5 5 0 0 0 5 0 30 30 5 5 30 5 5 5 5 5 30 0 5 0 0 5 0 5 0 0 35 30 0 5 0 5 30 5 5 0 0 5 5 0 35 0 30 30 36 30 30 5 0 5 31 30 30 5 5 35 5 5 5 0 5 30 5 5 5 0 0 5 0 5 5 5 5 0 5 0 0 0 30 5 5 5 0 5 30 5 0 5 0 5 0 30 35 5 30 35 5 30 5 5 30 30 35 5 30 5 30 30 30 5 5 30 30 30 5 35 30 30 30 35 30 30 30 30 30 0 5 30 30 35 36 35 0 30 5 30 30 30 5 35 5 35 30 5 5 5 5 5 5 
5 30 5 0 30 5 5 0 0 0 0 0 5 5 0 0 0 0 0 0 0 5 5 0 0 5 0 5 5 5 0 61 0 5 5 5 5 5 0 0 5 0 0 0 0 0 5 36 0 30 5 5 0 5 0 30 30 36 36 0 5 5 30 30 30 35 30 5 5 5 5 5 5 5 5 5 5 5 0 30 5 5 5 0 0 0 5 5 5 36 0 30 0 30 5 5 5 0 0 5 5 0 0 5 5 30 30 0 5 5 5 5 5 5 35 5 5 5 30 30 5 5 5 30 5 30 5 5 5 30 36 5 5 5 30 5 30 30 35 30 30 30 30 30 35 5 35 30 30 5 30 35 30 30 0 5 30 36 36 35 30 35 30 5 5 5 5 5 5 35 
30 5 0 5 5 0 0 0 0 0 30 5 0 0 5 0 0 0 0 5 5 0 0 0 0 0 5 0 0 5 5 36 0 0 30 5 0 5 35 30 5 5 0 0 0 0 5 30 35 30 30 30 30 35 30 5 5 5 5 5 30 30 5 30 5 5 30 0 0 5 5 30 5 30 5 5 5 5 5 5 0 0 5 0 0 0 0 5 5 0 0 36 0 5 5 5 5 5 0 5 5 5 5 0 30 30 31 5 5 0 30 30 5 5 5 5 5 5 5 5 5 5 5 5 5 5 5 35 0 5 30 5 30 36 30 5 5 35 30 30 5 5 5 30 30 5 5 35 30 30 30 30 5 30 30 61 30 5 0 5 30 5 5 5 5 5 35 30 5 0 
